#header row was commented out so only modifcation was to uncomment it.
POSITION WT SITE_ENTROPY PI_A PI_C PI_D PI_E PI_F PI_G PI_H PI_I PI_K PI_L PI_M PI_N PI_P PI_Q PI_R PI_S PI_T PI_V PI_W PI_Y PI_*
31 T 4.18827 0.0515581 0.0528299 0.0183531 0.0226833 0.0875798 0.0425719 0.0294242 0.0805211 0.0552944 0.0215333 0.0651224 0.0466656 0.0301972 0.0336043 0.120179 0.0454336 0.0690618 0.0337826 0.0322959 0.0542707 0.00703703
32 E 4.12124 0.0874472 0.0440515 0.0810104 0.0873735 0.0186377 0.0861231 0.0850731 0.00673989 0.0475272 0.00350132 0.0362973 0.054116 0.0259181 0.0736099 0.0484195 0.0668536 0.0467086 0.0145105 0.0449337 0.0213151 0.019833
33 K 4.29764 0.0580094 0.0540937 0.0515091 0.0919432 0.0430719 0.047727 0.0409069 0.0482798 0.0379126 0.034896 0.0437814 0.0958688 0.0255406 0.0417855 0.0444471 0.0407553 0.0442386 0.0323561 0.0451157 0.0609686 0.0167927
34 L 4.13044 0.0143654 0.0775869 0.0248643 0.044028 0.0657265 0.0362501 0.0336763 0.0274585 0.033395 0.0669542 0.153314 0.035442 0.0204313 0.0376463 0.0364214 0.0769231 0.0723627 0.0562819 0.0342388 0.0467372 0.00589594
35 W 3.9185 0.0213223 0.043976 0.026434 0.0284973 0.087196 0.019632 0.0312071 0.033071 0.0271043 0.035843 0.030432 0.0190361 0.0155154 0.0364993 0.0408846 0.0158844 0.0275473 0.0565247 0.24466 0.0742154 0.0845179
36 V 3.66267 0.0522671 0.14269 0.0228092 0.024537 0.0518416 0.0120872 0.0174564 0.104356 0.031782 0.0184862 0.0356101 0.0142517 0.0147719 0.0279049 0.0145491 0.00924491 0.104506 0.250457 0.0240863 0.013346 0.0129598
37 T 3.73683 0.108545 0.0585869 0.0161468 0.0357143 0.0326503 0.0552333 0.0238656 0.0821885 0.0484521 0.0180887 0.021998 0.040259 0.0117658 0.0143213 0.00816287 0.0833319 0.267904 0.0108082 0.0293216 0.019251 0.0134041
38 V 3.84371 0.0557916 0.0259141 0.0309121 0.0309033 0.0636468 0.0375008 0.0514353 0.229977 0.0336183 0.0361605 0.0401898 0.0313095 0.0109976 0.0386717 0.0108656 0.0241867 0.010602 0.156503 0.046546 0.0233355 0.0109331
39 Y 3.48142 0.016308 0.0701478 0.0253289 0.017856 0.277761 0.0197711 0.0402347 0.0201117 0.0130553 0.0120935 0.0286942 0.0344093 0.023224 0.0261477 0.0120404 0.0196084 0.0165571 0.0247959 0.033665 0.241963 0.0262266
40 Y 3.71067 0.0366656 0.043385 0.0586802 0.0193375 0.1508 0.0272918 0.0517027 0.0124192 0.0300918 0.00698559 0.0256871 0.0619604 0.0180478 0.0271286 0.0115581 0.0139614 0.010835 0.0402925 0.0569942 0.269048 0.027128
41 G 3.61547 0.0567929 0.0225052 0.0314762 0.0891405 0.0191684 0.34856 0.0301042 0.0179598 0.0276875 0.0211611 0.0387035 0.024886 0.0311879 0.0282551 0.0644442 0.0135831 0.0175732 0.0305836 0.0492541 0.0265257 0.010448
42 V 3.86525 0.0315112 0.041751 0.0377668 0.0407341 0.0161377 0.0179862 0.0392208 0.0870813 0.0317217 0.0565967 0.0478699 0.0367881 0.0425111 0.0320339 0.0162579 0.0158804 0.0269764 0.281917 0.0463716 0.0278665 0.02502
43 P 3.54863 0.0476458 0.030107 0.0263929 0.0374605 0.0235573 0.0172999 0.034204 0.0316924 0.0291452 0.0442688 0.026222 0.0237455 0.384549 0.0222602 0.0107035 0.0687373 0.0475473 0.0174536 0.030811 0.0234546 0.0227422
44 V 3.87382 0.089493 0.0658147 0.0226728 0.0281383 0.0146941 0.0919162 0.0332018 0.0592741 0.115777 0.0590055 0.0729995 0.0289955 0.0206825 0.0119709 0.0122949 0.0199785 0.00643765 0.191903 0.0261995 0.0148242 0.013727
45 W 3.47781 0.0176477 0.0519538 0.0209576 0.0170681 0.0635227 0.0379739 0.0186024 0.014956 0.015554 0.0311844 0.0282985 0.0242268 0.00954547 0.0180328 0.0218573 0.0159774 0.0145314 0.0211449 0.337946 0.161277 0.0577424
46 K 4.08958 0.029537 0.059157 0.0274548 0.062079 0.0327341 0.0577497 0.173658 0.0363582 0.0359378 0.0252925 0.0481919 0.0316565 0.00173753 0.0356293 0.0686459 0.0814202 0.0355668 0.0353845 0.0460838 0.0649764 0.0107482
47 E 3.67752 0.0500126 0.0144519 0.282567 0.0964947 0.0117564 0.0621426 0.0269804 0.0047829 0.067872 0.00510462 0.0197249 0.0314426 0.0996156 0.0354454 0.0141244 0.0387249 0.0584171 0.026628 0.0128905 0.0200215 0.0207994
48 A 3.92712 0.0155346 0.0373871 0.0372321 0.138624 0.0614811 0.047599 0.0159394 0.0449602 0.0330915 0.0203534 0.167746 0.0207157 0.00178089 0.0746162 0.0256505 0.0398442 0.0232629 0.0281397 0.066071 0.0951329 0.00483764
49 T 4.12525 0.0735137 0.0722272 0.0353312 0.0377998 0.0595333 0.120164 0.00987206 0.032839 0.028405 0.0133132 0.0591121 0.0569169 0.0680794 0.0270439 0.0349605 0.0419683 0.0593823 0.0254479 0.0359986 0.104919 0.00317389
50 T 4.007 0.0323375 0.0392043 0.019535 0.0820641 0.0367543 0.0754062 0.0293493 0.147263 0.00746298 0.0113629 0.0460384 0.0426517 0.0832258 0.0968756 0.00640659 0.0318726 0.0902105 0.0610512 0.0227344 0.0312792 0.00691414
51 T 4.13775 0.0206019 0.0168116 0.0517086 0.0636365 0.0410697 0.0273108 0.0316907 0.05385 0.0225551 0.0477194 0.0412406 0.0833639 0.033217 0.0206909 0.054702 0.0906132 0.0390838 0.0448938 0.0996339 0.113543 0.00206358
52 L 3.54955 0.024484 0.0764502 0.0155335 0.0254691 0.039835 0.0215556 0.018733 0.035471 0.0146687 0.355343 0.103888 0.0166461 0.0227638 0.0237195 0.0207994 0.0229724 0.0441683 0.0518031 0.0348648 0.0196298 0.0112024
53 F 3.63677 0.0161016 0.0136692 0.0144654 0.0222225 0.129718 0.0115197 0.0859521 0.129578 0.00987669 0.0811388 0.0708898 0.00903669 0.0142251 0.0261385 0.0115971 0.0118002 0.0113337 0.0619661 0.0447601 0.219761 0.00424936
54 C 3.72877 0.0249707 0.306665 0.0321686 0.0315278 0.0893545 0.0399604 0.034918 0.0229537 0.0315271 0.0170521 0.0255215 0.0301286 0.0340651 0.0202813 0.0352589 0.0187988 0.0239611 0.0148845 0.0285156 0.10796 0.0295263
55 A 3.7292 0.0443856 0.127859 0.00549453 0.0365484 0.0624749 0.062566 0.0374079 0.0628049 0.0160465 0.00408448 0.0893984 0.016357 0.0042546 0.0153527 0.00365599 0.064627 0.088422 0.210761 0.0213734 0.0203071 0.00581858
56 S 3.90553 0.0253204 0.0323027 0.025194 0.0188999 0.0311135 0.0150947 0.102074 0.0246713 0.0207882 0.0265256 0.119968 0.013569 0.0155676 0.023637 0.0146518 0.0339835 0.0813736 0.176629 0.119081 0.0417495 0.0378062
57 D 4.29165 0.0713159 0.0453734 0.0166923 0.0446891 0.0735895 0.0357312 0.0334058 0.0407251 0.0971597 0.0375688 0.0450069 0.0704605 0.033035 0.0575888 0.0493177 0.0290254 0.0269679 0.0412359 0.0468308 0.0588332 0.0454475
58 A 4.30015 0.01066 0.0595145 0.0604907 0.0582248 0.0424728 0.0479319 0.0455865 0.0555418 0.066813 0.0413674 0.049366 0.0473183 0.0506348 0.0891179 0.0263388 0.0564463 0.050051 0.0446268 0.0431818 0.019382 0.0349326
59 K 4.34821 0.0471557 0.0531241 0.0507567 0.069109 0.0467787 0.047054 0.0466036 0.0486335 0.0126613 0.0390085 0.0420517 0.0369893 0.0426329 0.0584256 0.0604646 0.0414004 0.0547025 0.0581839 0.0464609 0.0517116 0.0460915
60 A 4.05854 0.0227725 0.0293407 0.0541916 0.0708593 0.0299755 0.0338334 0.0554106 0.0042349 0.140023 0.0198713 0.0309794 0.0178961 0.0208278 0.083476 0.113349 0.0359461 0.0611932 0.0600587 0.0511513 0.0590993 0.00550992
61 Y 4.27291 0.0355427 0.0482073 0.0531302 0.0336145 0.0468197 0.0524311 0.0902924 0.028062 0.0304691 0.0432289 0.082036 0.044581 0.0422369 0.0639081 0.0220934 0.0858011 0.0584684 0.0519219 0.0456067 0.0199906 0.0215581
62 D 4.20251 0.0402516 0.0404461 0.0182433 0.0875566 0.0457948 0.092566 0.0469407 0.0178068 0.0488921 0.0151138 0.0400125 0.107136 0.099041 0.0324151 0.0363104 0.0349728 0.035251 0.039432 0.0454991 0.045186 0.0311319
63 T 4.08001 0.0644954 0.0402525 0.0285304 0.025204 0.0352945 0.0401658 0.0742509 0.0289681 0.201567 0.0213126 0.0486364 0.0226209 0.0375682 0.0448558 0.0794381 0.0265092 0.0518955 0.039706 0.037206 0.0372408 0.0142816
64 E 3.85971 0.0812625 0.0274009 0.0673682 0.00675882 0.0168366 0.155035 0.0225649 0.0259341 0.0477883 0.0143857 0.057114 0.170599 0.0330643 0.0531073 0.0463081 0.0942632 0.0175686 0.0237518 0.0256084 0.0124364 0.000843174
65 V 4.00144 0.0274527 0.0217413 0.090307 0.0407263 0.0860458 0.0194286 0.104438 0.0113883 0.105423 0.0352415 0.030058 0.0765444 0.0311027 0.0185701 0.0721013 0.0271403 0.0186885 0.0162991 0.0443475 0.121986 0.000970181
66 H 4.05461 0.0606965 0.0185263 0.039223 0.0297319 0.0577789 0.0771859 0.00771772 0.106334 0.0284449 0.0577419 0.0360179 0.0622267 0.0268391 0.118973 0.00760543 0.0525658 0.0151675 0.0207541 0.0879832 0.0818822 0.00660465
67 N 4.2057 0.0334113 0.0236908 0.039717 0.0249609 0.0837276 0.033458 0.0389917 0.0804322 0.0822797 0.0559525 0.0400137 0.0639775 0.0168467 0.0583121 0.0551936 0.0495211 0.0960203 0.0371271 0.0238577 0.0573901 0.00511848
68 V 3.98469 0.0490739 0.0178903 0.0235193 0.0222987 0.193067 0.0647068 0.112974 0.0298722 0.0171852 0.0664 0.0440824 0.0401947 0.0088549 0.0351748 0.0357606 0.0411012 0.0455253 0.0352669 0.0522478 0.0635071 0.00129749
69 W 3.85977 0.0227513 0.0362325 0.035666 0.0152305 0.0634968 0.0441798 0.0803789 0.121758 0.00360652 0.193942 0.0832355 0.0101705 0.0193004 0.0259793 0.0210428 0.00676958 0.00450608 0.0654475 0.0458219 0.0701166 0.0303682
70 A 4.14014 0.022215 0.0403756 0.0471667 0.0639288 0.0299127 0.0230912 0.0410656 0.154487 0.0323227 0.0356713 0.0308066 0.0989356 0.00847004 0.0687308 0.0516441 0.0377984 0.0346091 0.0538584 0.0457246 0.0621339 0.0170518
71 T 4.17027 0.0459323 0.0261783 0.0438526 0.0858547 0.028238 0.0377764 0.0434869 0.070282 0.0812389 0.0819293 0.0268191 0.070014 0.0162923 0.0674069 0.113593 0.0228866 0.0384657 0.0189825 0.0414706 0.0273978 0.0119019
72 H 3.95119 0.0580516 0.0713212 0.0243238 0.0245311 0.0311553 0.0271516 0.0295193 0.0618395 0.0436834 0.227858 0.0774036 0.0443806 0.0335137 0.0251546 0.0573019 0.014739 0.0149305 0.0189044 0.054108 0.0561792 0.00394999
73 A 3.90693 0.0366536 0.0244874 0.0471241 0.0561333 0.141089 0.0565291 0.0230303 0.118324 0.00730338 0.0519574 0.048965 0.0201408 0.00846056 0.040971 0.0136806 0.0452812 0.0433475 0.163608 0.0389785 0.010294 0.00364061
74 C 3.29002 0.0250651 0.427058 0.0165706 0.0185875 0.0443157 0.0486483 0.0249102 0.0104993 0.0199118 0.0229246 0.0193575 0.0151163 0.0245209 0.0377976 0.0273137 0.0253658 0.0218901 0.0153024 0.0249568 0.116852 0.0130357
75 V 3.88685 0.0394712 0.0597326 0.0176261 0.0135414 0.119628 0.0149982 0.011573 0.0706462 0.00853607 0.0587374 0.0542907 0.0113883 0.0639185 0.0220337 0.00671139 0.0895051 0.174319 0.0773819 0.0454437 0.035916 0.00460157
76 P 4.0061 0.141679 0.00866686 0.0244022 0.0136903 0.0577162 0.0582418 0.0348298 0.0281333 0.0185751 0.105812 0.0770091 0.0114638 0.0693406 0.0446579 0.0110337 0.0562784 0.0379373 0.0858786 0.0273604 0.0821097 0.00518486
77 T 3.91817 0.0493395 0.0232844 0.0141872 0.00881848 0.0752916 0.0616576 0.158202 0.109333 0.0385222 0.0601666 0.0709879 0.0539087 0.000797486 0.0548039 0.0125767 0.0150744 0.0166913 0.0952428 0.0303641 0.0497244 0.00102525
78 D 4.09339 0.0459935 0.0230638 0.0332006 0.0725043 0.0429153 0.0282419 0.0171945 0.0403419 0.0807568 0.0479922 0.0404952 0.0539832 0.0102866 0.0252584 0.0575282 0.109553 0.0870049 0.0281483 0.0254925 0.126701 0.00334416
79 P 4.20104 0.12081 0.0303505 0.0461336 0.0391879 0.0661463 0.00637754 0.0331213 0.0648372 0.0277019 0.0645572 0.0492621 0.0544368 0.0219955 0.0308207 0.0191383 0.0608174 0.0837742 0.0373087 0.0485731 0.0649852 0.0296649
80 N 4.00549 0.0331851 0.0236236 0.0596049 0.0329151 0.0169424 0.0334844 0.0450431 0.179675 0.0842843 0.0522942 0.0235441 0.0394828 0.00539194 0.055828 0.0811343 0.0327549 0.0471428 0.102024 0.0210555 0.0246606 0.00592897
81 P 4.00914 0.0683307 0.0245636 0.0594655 0.186629 0.0210837 0.0570119 0.0317756 0.0423384 0.0147177 0.0300216 0.0486245 0.0448055 0.0131257 0.0750857 0.0193787 0.0739649 0.0829558 0.0460989 0.0260456 0.0333446 0.000633103
82 Q 4.07234 0.0257488 0.0415784 0.039136 0.0346627 0.137384 0.028887 0.0792544 0.0241535 0.0600736 0.0211289 0.0553375 0.0250543 0.0344993 0.0342303 0.0289281 0.0264612 0.0280822 0.035195 0.0952436 0.136693 0.00826857
83 E 4.06337 0.0706073 0.02094 0.0687441 0.132562 0.00965584 0.0806974 0.0524466 0.012735 0.0415665 0.00978276 0.0355446 0.0755205 0.0988095 0.0500964 0.00760163 0.0477489 0.0658774 0.0456518 0.0277751 0.0342145 0.0114223
84 V 3.978 0.0474748 0.0457323 0.0160061 0.0526024 0.0408092 0.0159653 0.0376244 0.174186 0.0590275 0.0805761 0.0590773 0.0166364 0.0092988 0.0291515 0.0385049 0.0354557 0.0186389 0.0429625 0.0420491 0.135281 0.00293958
85 V 4.12505 0.0799755 0.0221091 0.0405645 0.0390993 0.0220879 0.0207944 0.0362934 0.0365786 0.035735 0.0912755 0.0569538 0.0203847 0.0448369 0.0791597 0.0954659 0.0489986 0.128041 0.0291648 0.0430626 0.0249432 0.00447556
86 L 3.83934 0.0383323 0.0282636 0.0237285 0.0406709 0.0434238 0.0182535 0.0242283 0.0916617 0.0153984 0.12845 0.206852 0.042116 0.0164198 0.0181452 0.00958418 0.0240128 0.0684862 0.107201 0.0290037 0.0170937 0.00867315
87 V 4.32318 0.0611363 0.0427066 0.0787112 0.047076 0.0643082 0.0373565 0.0633775 0.0492989 0.0284029 0.0633801 0.0350108 0.0425741 0.0350939 0.0310439 0.0784082 0.0338997 0.0507859 0.0447733 0.0417044 0.0450276 0.0259239
88 N 4.25267 0.0564154 0.0630116 0.0611525 0.030356 0.0281902 0.0623424 0.0371464 0.0395499 0.0846507 0.0183177 0.0385605 0.090152 0.0165782 0.0364473 0.0430214 0.0649477 0.0610853 0.0258451 0.039265 0.0772307 0.025734
89 V 4.18441 0.0383283 0.044732 0.034687 0.0267726 0.0475739 0.0171612 0.0395174 0.0713936 0.0324839 0.0668869 0.0427687 0.032494 0.0159455 0.0339821 0.0345278 0.0216802 0.079811 0.141601 0.0676153 0.0734585 0.0365796
90 T 4.24311 0.047384 0.0319003 0.0255476 0.0579244 0.0371862 0.0241227 0.0558746 0.0407471 0.0681522 0.0385155 0.0501842 0.0389659 0.00995781 0.0291881 0.0743002 0.0550349 0.0830007 0.0802647 0.0474581 0.0863783 0.0179124
91 E 4.09433 0.0178566 0.0478792 0.0625769 0.157843 0.0270562 0.0507961 0.0369479 0.0351426 0.139354 0.0260943 0.0663519 0.0537751 0.0205895 0.0313426 0.0227134 0.0352615 0.0314472 0.0344593 0.0374478 0.0421607 0.0229044
92 N 4.23945 0.0331199 0.0316971 0.0563351 0.0836902 0.0276666 0.0254873 0.094898 0.0476718 0.0863249 0.0234632 0.0324365 0.059403 0.0442267 0.0450414 0.0538793 0.0596147 0.0690343 0.0302998 0.0533037 0.0325046 0.00990204
93 F 4.04273 0.0272039 0.045191 0.0383761 0.0464762 0.213797 0.0328202 0.0413826 0.052489 0.0452201 0.053243 0.0551395 0.022978 0.0233019 0.0171358 0.0272363 0.0786457 0.0217256 0.0267199 0.0401901 0.0742134 0.0165143
94 N 4.28722 0.0401099 0.0492371 0.0842111 0.0740535 0.0340198 0.0410874 0.0374108 0.0317743 0.06541 0.0321015 0.0191731 0.0655328 0.03264 0.0665495 0.038139 0.0507375 0.0416887 0.0453243 0.0478337 0.0824926 0.0204733
95 M 4.11274 0.0782949 0.0574897 0.0460525 0.0376164 0.0523607 0.0905067 0.0125376 0.127296 0.0222961 0.0271155 0.0795829 0.0115312 0.0286888 0.0324251 0.0241346 0.0490666 0.0661336 0.0782506 0.0521498 0.016984 0.00948674
96 W 4.25699 0.0644978 0.0467454 0.0315224 0.0802733 0.0334294 0.0408042 0.0490773 0.0532238 0.0378826 0.0473474 0.0307441 0.0641447 0.0227977 0.0673953 0.0559314 0.0363092 0.0400595 0.0117506 0.0640376 0.020985 0.101041
97 K 4.25687 0.0246179 0.0405312 0.0729883 0.0151013 0.0499284 0.03642 0.071549 0.0328481 0.0641182 0.030052 0.0567431 0.069805 0.0268262 0.0615057 0.0431149 0.0325066 0.0778011 0.082807 0.0306058 0.0606692 0.0194609
98 N 4.17291 0.0790931 0.0437038 0.0606981 0.0333699 0.0326765 0.02972 0.0379068 0.10846 0.0286501 0.0834329 0.0226891 0.117607 0.037054 0.0431964 0.0123057 0.0456782 0.049991 0.0360356 0.0421108 0.0450736 0.0105474
99 D 4.14751 0.0713408 0.0470716 0.0479087 0.0495881 0.0306667 0.0448071 0.0384731 0.0841595 0.0330756 0.0138424 0.0711634 0.156285 0.0444256 0.0171107 0.0246531 0.0499672 0.0414764 0.0347477 0.0481383 0.0428384 0.00826022
100 M 3.85596 0.13673 0.0118103 0.0262825 0.0225755 0.0883904 0.04283 0.0239684 0.0703745 0.0337635 0.0919153 0.187544 0.0149288 0.0147147 0.0416853 0.0126855 0.0114488 0.0292062 0.0799701 0.0341359 0.0144061 0.0106342
101 V 4.08827 0.0481831 0.0485975 0.0503299 0.0332726 0.0165742 0.0199013 0.024778 0.130538 0.0145732 0.0681144 0.0361449 0.0602325 0.0639575 0.0357488 0.0127354 0.0758528 0.0603812 0.126819 0.040652 0.0221044 0.0105087
102 E 4.2775 0.0265823 0.0655967 0.0382921 0.046406 0.060718 0.0956027 0.0511724 0.0379065 0.0680063 0.0757063 0.0387919 0.0242133 0.0213808 0.0794708 0.0462759 0.0420917 0.0319803 0.0440093 0.0475134 0.0278808 0.0304028
103 Q 4.28905 0.0435855 0.0461592 0.0415172 0.0651104 0.0538709 0.062118 0.0440597 0.0496321 0.0712251 0.0200461 0.0440998 0.0534611 0.044602 0.0709038 0.0491851 0.0426725 0.0330577 0.0910081 0.0129429 0.0239871 0.0367558
104 M 4.1284 0.110028 0.0987669 0.0262347 0.0195529 0.0682724 0.0234146 0.0538651 0.0561994 0.0249506 0.0520933 0.0828729 0.0239339 0.0167925 0.0169508 0.0174365 0.039782 0.0871357 0.0786913 0.0439018 0.0455334 0.0135912
105 H 4.05164 0.0545763 0.0619488 0.0128978 0.0277389 0.033306 0.0403147 0.0152128 0.0425628 0.0442286 0.142354 0.0317172 0.0461282 0.0204668 0.0405669 0.0649249 0.0429902 0.154546 0.0483037 0.0305432 0.0415083 0.00316487
106 E 4.276 0.0364657 0.0465742 0.104165 0.0466001 0.0389725 0.0510102 0.0628434 0.0232744 0.0793629 0.036928 0.0474417 0.046181 0.00965442 0.0660139 0.0370503 0.0398787 0.0599185 0.0309139 0.0513933 0.0444391 0.0409186
107 D 4.02497 0.0485653 0.0346677 0.0752623 0.154058 0.0121562 0.0659712 0.0533499 0.0300421 0.0142804 0.0728819 0.0780415 0.117259 0.0099708 0.0441365 0.014847 0.0272874 0.0374588 0.0210308 0.0332838 0.0463639 0.00908544
108 I 4.08235 0.0461658 0.0661766 0.0288968 0.0256476 0.0922261 0.0251192 0.0482502 0.0412574 0.0180004 0.0747239 0.0728847 0.00334517 0.0223711 0.0863846 0.0162104 0.0227727 0.096423 0.0625804 0.0558025 0.0919761 0.00278544
109 I 4.20328 0.0345806 0.0459254 0.0481767 0.0231629 0.0804324 0.0269797 0.0557737 0.0389292 0.0560009 0.061113 0.025146 0.0945335 0.0114092 0.0533026 0.0766573 0.0677535 0.0674854 0.0415585 0.025228 0.062131 0.00372047
110 S 4.14705 0.0937083 0.0248262 0.0501476 0.062959 0.0697688 0.108338 0.0534734 0.0230063 0.0235085 0.079285 0.0511512 0.0460289 0.00788314 0.0480269 0.0346919 0.043617 0.0260665 0.0245003 0.0507949 0.0760102 0.00220773
111 L 3.92135 0.0357791 0.0403488 0.0281932 0.0323145 0.064367 0.0859027 0.0965165 0.090657 0.00310323 0.0279949 0.072343 0.0433384 0.00488703 0.180857 0.0024382 0.0381969 0.057055 0.020356 0.0356348 0.0324983 0.0072179
112 W 3.89873 0.08177 0.0425636 0.0139724 0.0225321 0.161657 0.0275395 0.0385998 0.100374 0.0113988 0.0718526 0.0478703 0.0141006 0.00262163 0.033934 0.0158728 0.0169573 0.0423839 0.146214 0.0271788 0.0638953 0.0167121
113 D 4.00976 0.0227917 0.0245907 0.0268121 0.0320185 0.0684995 0.0716756 0.0596434 0.0201108 0.137647 0.0384158 0.0912834 0.0275945 0.00263592 0.061897 0.12581 0.0211803 0.0396287 0.022982 0.056761 0.0466541 0.00136681
114 Q 4.06148 0.0237433 0.017216 0.0216088 0.00451773 0.120201 0.0321709 0.0398211 0.0995932 0.0396988 0.104711 0.0685014 0.0596964 0.00791248 0.0244623 0.025294 0.0249747 0.0606679 0.0730402 0.0860315 0.0416394 0.0244979
115 S 4.15621 0.016553 0.0386143 0.0749037 0.0630679 0.051362 0.0804203 0.0747924 0.0767472 0.12138 0.0356839 0.0350634 0.0462591 0.0148411 0.0377715 0.0637202 0.0464713 0.0336066 0.0163671 0.0271944 0.0406967 0.00448471
116 L 4.06852 0.0525261 0.0106937 0.0147168 0.0774221 0.047509 0.0171417 0.0395607 0.0704135 0.00833264 0.0282952 0.0419593 0.0396609 0.0598407 0.0908882 0.00803534 0.0973016 0.0789344 0.0498804 0.0536168 0.108354 0.00491709
117 K 3.91034 0.0221954 0.0336305 0.232197 0.117784 0.0425732 0.0410148 0.0187012 0.0164754 0.0403533 0.0167011 0.0426019 0.0645548 0.0210135 0.0591531 0.0282621 0.036526 0.00909823 0.0159788 0.0658036 0.0436694 0.0317129
118 P 3.7121 0.0479661 0.00882864 0.00405181 0.059208 0.0307167 0.0428108 0.0321665 0.0183306 0.032654 0.0180908 0.0492155 0.015158 0.0418392 0.0961191 0.012207 0.147942 0.236959 0.0670979 0.0113197 0.0248969 0.00242209
119 C 4.00214 0.0394389 0.218176 0.0330807 0.0116094 0.044756 0.0248493 0.0301812 0.0493294 0.0379468 0.103875 0.0448173 0.0220626 0.0437143 0.0366765 0.0589462 0.0440435 0.0176606 0.044242 0.0300378 0.0542389 0.0103183
120 V 4.11318 0.0707001 0.0376089 0.0859975 0.0297823 0.0886919 0.0725353 0.0422761 0.102847 0.0249078 0.0487405 0.0325989 0.0248621 0.00415275 0.0231177 0.0186936 0.031412 0.0367864 0.0975541 0.0583042 0.0632036 0.00522664
121 K 3.90439 0.0722061 0.0139106 0.018252 0.108629 0.00670315 0.0112058 0.0885599 0.0543754 0.0400078 0.0669513 0.0261439 0.0291139 0.00214669 0.0312944 0.112084 0.103856 0.0809011 0.0994931 0.0242257 0.00455456 0.0053846
122 L 3.75225 0.0178619 0.0151855 0.0223973 0.0213371 0.0717326 0.0134207 0.0223082 0.237154 0.0217407 0.161225 0.069144 0.0160892 0.0156777 0.069568 0.0290604 0.040184 0.0360701 0.0622545 0.030299 0.018531 0.00875962
123 T 4.18822 0.109283 0.0113363 0.0220164 0.0357129 0.0362172 0.0414733 0.0666141 0.0595017 0.0434467 0.0570814 0.0636999 0.057519 0.0272691 0.0895852 0.0591459 0.0488971 0.0399768 0.0193083 0.0741947 0.0315959 0.00612561
124 P 4.11162 0.0430873 0.0443946 0.0293968 0.0336533 0.0345808 0.0813951 0.032504 0.0211882 0.146457 0.0271207 0.0435387 0.0565408 0.0468874 0.0321334 0.141178 0.0237092 0.0321938 0.0215861 0.0502394 0.0364584 0.0217566
125 L 4.04765 0.0393515 0.0350682 0.0319286 0.0337044 0.0597263 0.028121 0.0795251 0.105756 0.0275129 0.16859 0.0965126 0.0203722 0.0547158 0.0165494 0.0195529 0.0245143 0.0222545 0.0559286 0.0339882 0.0338171 0.0125102
126 C 3.94272 0.0331627 0.268207 0.0264427 0.032506 0.0461679 0.0450896 0.0314781 0.0272692 0.0323716 0.0223023 0.0456486 0.0479096 0.0242431 0.0318068 0.0581311 0.0521208 0.0166202 0.0260943 0.0522885 0.0556287 0.0245112
127 V 4.11246 0.0705848 0.0109096 0.0698632 0.0422085 0.0753225 0.061656 0.0129978 0.0739158 0.0262832 0.0218069 0.052141 0.0413092 0.00977812 0.0985291 0.0356079 0.034728 0.0677673 0.117195 0.0411676 0.0273996 0.00882909
128 S 3.36192 0.0210605 0.0266104 0.0220091 0.0144741 0.0117862 0.0296714 0.044635 0.0350391 0.38261 0.00788163 0.0183549 0.0688062 0.0376499 0.0242251 0.133092 0.0278296 0.0126078 0.0143251 0.0408002 0.0247496 0.00178218
129 L 3.56479 0.0166949 0.0178782 0.014871 0.0166247 0.0688186 0.0228146 0.0485914 0.0366358 0.0117421 0.342059 0.100577 0.0202471 0.0184658 0.0195605 0.0140862 0.0454152 0.0146901 0.0658447 0.0317113 0.0551824 0.0174894
130 K 4.16174 0.0337599 0.0669496 0.0316254 0.0721317 0.0702349 0.0300494 0.0253758 0.0416864 0.120703 0.0373268 0.0431967 0.0519165 0.00702084 0.0215817 0.10422 0.0413283 0.0486379 0.0382175 0.0292287 0.0717999 0.0130086
131 C 3.72399 0.0139125 0.322487 0.0361278 0.023659 0.0469204 0.0347945 0.027316 0.0270714 0.0179392 0.0113124 0.0370965 0.0558023 0.0183083 0.0412121 0.0295989 0.0289971 0.0253037 0.0194939 0.0384504 0.0736739 0.0705236
132 T 4.21148 0.0966231 0.0553234 0.0337586 0.0424095 0.0419892 0.094395 0.0479639 0.0529829 0.0540377 0.0362945 0.0311185 0.0435677 0.00354439 0.0444719 0.0449621 0.0549324 0.0685657 0.0518789 0.0501348 0.0490106 0.00203498
133 D 3.95998 0.0239364 0.0277592 0.119449 0.0479081 0.0238493 0.0550969 0.0435912 0.0161622 0.0374033 0.0172599 0.0307699 0.203105 0.0783877 0.0637053 0.0129299 0.0600302 0.0167126 0.015602 0.0385065 0.0496444 0.0181909
134 L 4.17646 0.0876122 0.0562672 0.0274011 0.0241598 0.0455409 0.0297943 0.0347659 0.0501787 0.0231103 0.0775268 0.115739 0.0180679 0.0805984 0.0399809 0.0151532 0.0636828 0.0418071 0.0408207 0.0494753 0.0685801 0.00973718
135 G 4.28625 0.0510958 0.0405974 0.0218893 0.0675593 0.0619718 0.0501577 0.0336659 0.0411031 0.0508544 0.0587668 0.039726 0.0578028 0.0358975 0.0818501 0.0531911 0.0804814 0.0234409 0.0552552 0.0349975 0.0491931 0.0105027
136 N 4.24302 0.0266824 0.0571618 0.0847538 0.0405766 0.0312883 0.0263809 0.077136 0.0649154 0.0384954 0.0890713 0.0257057 0.0335521 0.0348408 0.0588376 0.0316786 0.0700643 0.0468662 0.0547703 0.0633619 0.0366656 0.00719478
137 A 4.16888 0.0523955 0.023214 0.108681 0.0160207 0.0519388 0.0447039 0.0469236 0.0381005 0.0791133 0.0379946 0.0568626 0.0118459 0.0299004 0.0388886 0.0507574 0.0796413 0.0812049 0.0804277 0.0220756 0.0443787 0.00493119
138 T 4.2497 0.0783649 0.0267465 0.0433546 0.0505725 0.0263767 0.0477454 0.0304798 0.0861274 0.0415778 0.0510837 0.0607281 0.0394156 0.0323291 0.0424639 0.0518736 0.037252 0.0346894 0.0815146 0.0808138 0.0526213 0.00386992
139 N 4.14346 0.021912 0.021667 0.0776634 0.0298128 0.0382982 0.0585596 0.0601294 0.0576132 0.0859088 0.0163724 0.0338701 0.0429035 0.0480981 0.033079 0.0536993 0.148191 0.057067 0.023645 0.0441681 0.0419808 0.00536157
140 T 4.14654 0.0508239 0.0400974 0.0228284 0.107247 0.0307537 0.0521979 0.0525227 0.0964714 0.0176681 0.0221089 0.0424582 0.0381058 0.0212497 0.0577203 0.11572 0.016025 0.0415777 0.0654959 0.0440934 0.0568358 0.00799837
141 N 4.00277 0.191171 0.0398354 0.0970341 0.0379372 0.0763068 0.0181541 0.0375252 0.0257556 0.0339311 0.0145236 0.0390741 0.0340295 0.0384096 0.0407017 0.0206024 0.0323155 0.0776326 0.0120955 0.0840687 0.0414572 0.00743955
142 S 4.15074 0.0360367 0.0397795 0.0209128 0.0603275 0.0226163 0.053768 0.0263152 0.0281659 0.0377499 0.106172 0.0585464 0.0817575 0.116764 0.0835803 0.0342532 0.0348374 0.0406306 0.0310409 0.047154 0.0380744 0.00151664
142a S 4.12059 0.0456353 0.0665986 0.0351906 0.0424125 0.0470862 0.0495803 0.0420597 0.0500173 0.0124615 0.0170043 0.0266797 0.192208 0.0359102 0.0493016 0.048201 0.046603 0.034515 0.043391 0.0532794 0.0487774 0.0130869
142b N 4.2216 0.0703468 0.0423414 0.0866782 0.024017 0.0252063 0.0463799 0.0341418 0.0678005 0.0856947 0.0541061 0.0164202 0.0395721 0.0384721 0.0549128 0.0575185 0.0449757 0.0375233 0.0279694 0.0789164 0.0633269 0.0036801
142c T 4.27654 0.0744498 0.0469465 0.033186 0.0285125 0.0647421 0.0540631 0.0510505 0.0785057 0.0502819 0.0428369 0.0234811 0.0586161 0.0536531 0.0320368 0.0667822 0.0358246 0.0511265 0.0472828 0.0552528 0.0486704 0.00269845
142d N 4.11343 0.0279223 0.0501469 0.0237647 0.031607 0.102216 0.036786 0.0400959 0.0207576 0.122431 0.0356937 0.077768 0.0314477 0.0649375 0.0379441 0.0212534 0.0309335 0.0293471 0.0439285 0.104196 0.0652919 0.00153133
142e S 4.26899 0.0749724 0.0547993 0.0374715 0.0577894 0.0212052 0.0669516 0.0371676 0.06831 0.0523726 0.0532678 0.0462138 0.076482 0.0553936 0.0436215 0.053549 0.0537293 0.0250377 0.0310014 0.0288301 0.0577821 0.00405168
143 S 4.13944 0.114753 0.0359509 0.0113546 0.0278453 0.0192712 0.0556637 0.0580514 0.0853429 0.112266 0.0259732 0.0399489 0.0336657 0.0414213 0.0411583 0.0611918 0.0453789 0.0218297 0.0678917 0.0496678 0.0477324 0.00364202
144 S 4.16488 0.0553053 0.0410364 0.0314315 0.0289748 0.0176754 0.0352294 0.0499714 0.0499034 0.0581518 0.0320098 0.0305556 0.169762 0.0501659 0.0498693 0.0521689 0.0547828 0.059363 0.0271851 0.056223 0.0422168 0.00801874
145 G 4.15977 0.0482743 0.0193725 0.0364182 0.100528 0.0325484 0.0622524 0.0254553 0.0168609 0.047563 0.0239069 0.0659293 0.0471639 0.0652723 0.0560482 0.127598 0.0572203 0.0293319 0.0569166 0.0482061 0.0286044 0.0045283
146 E 4.23511 0.0330266 0.032374 0.0795883 0.0563535 0.036582 0.0443559 0.0187988 0.0352267 0.0854705 0.0196683 0.0635101 0.087769 0.0334734 0.0352181 0.0688143 0.0268882 0.0378687 0.0747393 0.0459221 0.0692614 0.0150913
147 M 4.06522 0.0371505 0.00682746 0.0228496 0.0494599 0.0455366 0.0301299 0.044411 0.0572595 0.0863413 0.0398636 0.0345479 0.0449965 0.0238728 0.0401408 0.104109 0.034414 0.0392094 0.0403363 0.0340777 0.177644 0.00682181
148 M 4.21828 0.0363004 0.0393784 0.0558403 0.0423552 0.0425125 0.0464793 0.0477396 0.0831389 0.119204 0.0372102 0.048513 0.0958806 0.0479327 0.0221777 0.0419307 0.0338442 0.0403471 0.0376621 0.0359388 0.0416131 0.0040014
149 M 4.15162 0.0402959 0.0155545 0.0369208 0.0438008 0.0515713 0.0244096 0.00796397 0.0522437 0.0340138 0.106174 0.0871142 0.0732355 0.027978 0.0734106 0.0100061 0.0589558 0.0606635 0.0659388 0.054828 0.0676286 0.00729263
150 E 4.19641 0.084376 0.00492057 0.0674213 0.0358533 0.0315677 0.0642866 0.038373 0.0394468 0.103622 0.0495328 0.0332677 0.0702629 0.0299267 0.0858424 0.0453831 0.0348567 0.036119 0.0346753 0.0521559 0.050761 0.00734935
151 K 4.19394 0.0475799 0.0109736 0.0606635 0.11743 0.0181141 0.0566324 0.0949431 0.0467841 0.0681729 0.035134 0.0544265 0.0499119 0.0407244 0.051805 0.0203773 0.0698966 0.0354385 0.0188325 0.041515 0.0436469 0.0169975
152 G 4.08829 0.0304318 0.025797 0.0723669 0.149922 0.025119 0.134136 0.025584 0.0597894 0.036801 0.019077 0.0304844 0.0488466 0.0331414 0.022688 0.0650611 0.0483479 0.0384232 0.0461724 0.0553874 0.0195604 0.0128625
153 E 4.11038 0.0800377 0.0270912 0.0882506 0.163911 0.0323515 0.0340714 0.0408354 0.0302476 0.100206 0.0301762 0.028101 0.0544079 0.016616 0.0467747 0.0182445 0.0280288 0.0281483 0.0324755 0.0387006 0.0326811 0.0486428
154 I 4.07146 0.0153617 0.0308452 0.0341125 0.020836 0.0444858 0.0397221 0.0285812 0.173892 0.0527009 0.0885705 0.0995589 0.0188991 0.0271603 0.0547286 0.0376418 0.0179407 0.0413445 0.0761862 0.0496269 0.0247971 0.0230072
155 K 4.13938 0.0671873 0.0244922 0.0228779 0.0372211 0.0690116 0.0237723 0.0425345 0.0284047 0.0829172 0.02703 0.0618331 0.0285402 0.0141744 0.0615497 0.0887383 0.105146 0.0218183 0.0237627 0.0354462 0.112455 0.0210876
156 N 4.12662 0.029593 0.0357785 0.0614526 0.0262097 0.0403601 0.0249912 0.0392585 0.0855324 0.147884 0.0662755 0.0438583 0.0876331 0.0238675 0.0384721 0.0262589 0.0514494 0.0349596 0.0165801 0.0209679 0.0844621 0.0141557
157 C 3.67276 0.0212326 0.357816 0.0332575 0.0315908 0.0485539 0.0237743 0.0380349 0.0219707 0.0210753 0.0240065 0.0359403 0.0247562 0.0241887 0.0369377 0.0450194 0.0265223 0.0294748 0.023599 0.0298803 0.0431407 0.059228
158 S 3.95534 0.0241159 0.0257525 0.0254776 0.0855539 0.0439556 0.0135382 0.0438486 0.0256492 0.0255717 0.0253489 0.0463245 0.0252683 0.0694202 0.0229738 0.0242989 0.20945 0.125926 0.03074 0.0420194 0.0481757 0.0165908
159 F 3.86576 0.0269273 0.0396116 0.0363127 0.0211028 0.28861 0.0333612 0.0341579 0.0208688 0.0294465 0.0448829 0.046246 0.0410739 0.0271645 0.0369965 0.0372062 0.0378822 0.0161631 0.0305824 0.0595069 0.0768607 0.0150362
160 N 4.02257 0.0589499 0.0260899 0.0288458 0.0207224 0.0343804 0.0522195 0.0377262 0.0398031 0.200383 0.0287089 0.0463905 0.0382766 0.0232622 0.0313464 0.120742 0.0667012 0.0341542 0.02021 0.0424946 0.0398107 0.0087826
161 I 4.09708 0.0307956 0.0186968 0.0176276 0.0321502 0.0223346 0.0350824 0.0639169 0.128551 0.0367615 0.0406335 0.0622293 0.0258348 0.0308337 0.0318339 0.069805 0.0478614 0.152454 0.0619507 0.0435992 0.0336948 0.0133523
162 S 3.903 0.0182495 0.0420532 0.0351736 0.0304496 0.0252264 0.117176 0.157472 0.0410331 0.0504291 0.0138475 0.0561695 0.0161545 0.0601677 0.0248143 0.174581 0.0182577 0.0133806 0.0151918 0.0412906 0.0321605 0.0167212
163 T 3.73867 0.0264028 0.0174187 0.00582749 0.0356859 0.0135501 0.0467823 0.0706345 0.0317962 0.173081 0.0234254 0.0420293 0.0202515 0.0351489 0.0527071 0.206952 0.117264 0.0286129 0.0205272 0.00737821 0.0169345 0.00758976
164 S 3.98304 0.0288854 0.0344616 0.0204463 0.0312631 0.0352637 0.0843852 0.0683827 0.0408377 0.131602 0.0307286 0.0542074 0.0631144 0.0170261 0.056016 0.176904 0.0277129 0.0156093 0.0218399 0.0277412 0.0309651 0.00260708
165 I 4.00303 0.0372156 0.0261467 0.0176778 0.0479379 0.0284665 0.107147 0.0337022 0.0503402 0.0687349 0.0165187 0.0560723 0.0802705 0.0189657 0.0521496 0.18637 0.0305867 0.0625852 0.0202005 0.0185062 0.03595 0.00445556
166 R 4.02732 0.0260187 0.0219061 0.0441319 0.042964 0.0204363 0.0363844 0.0317448 0.049233 0.133802 0.0354394 0.033237 0.038005 0.0301526 0.0311193 0.168587 0.119131 0.0179152 0.0272989 0.0368129 0.033796 0.0218842
167 G 3.81492 0.0363442 0.0432511 0.0600264 0.033495 0.041989 0.0383022 0.0600803 0.0147822 0.192202 0.0243541 0.0120435 0.109835 0.0111087 0.0323764 0.169679 0.0274822 0.0253823 0.0158656 0.0332342 0.0157993 0.00236713
168 K 4.19335 0.0203934 0.0491933 0.0311272 0.0470971 0.0500141 0.0186127 0.0635014 0.0926495 0.0903509 0.100085 0.0582645 0.0478071 0.0336548 0.0253109 0.0751635 0.0516892 0.0371063 0.0405576 0.0408662 0.0198053 0.0067497
169 V 4.1548 0.0818442 0.0344341 0.0236718 0.0235005 0.016607 0.0337554 0.101517 0.0275299 0.0798293 0.0335153 0.110852 0.046148 0.0360613 0.0692217 0.0656434 0.0288726 0.0613204 0.0371891 0.0450783 0.0399576 0.00345109
170 Q 3.94365 0.0567576 0.0223057 0.0331549 0.0152527 0.039801 0.0159039 0.0308626 0.0229554 0.041031 0.058166 0.039204 0.0309504 0.00730172 0.0521285 0.0972545 0.0937772 0.0349359 0.216119 0.0517912 0.0321852 0.00816075
171 K 3.96321 0.0522771 0.0268782 0.0427038 0.0545817 0.0631845 0.0162379 0.016105 0.0361767 0.0820073 0.0121219 0.0377535 0.0655972 0.0369117 0.0512215 0.230267 0.055321 0.0136366 0.0382287 0.0173271 0.030811 0.0206508
172 E 4.20973 0.0975424 0.0422261 0.0694118 0.0236334 0.023799 0.0354664 0.0373835 0.0314793 0.0937909 0.054797 0.0697703 0.0783533 0.00561961 0.0687084 0.0466949 0.0507963 0.0364731 0.0279252 0.0464665 0.0380727 0.0215895
173 Y 3.96705 0.025657 0.0293979 0.0409245 0.0313724 0.0691839 0.0153028 0.181928 0.0171569 0.0302191 0.0122362 0.0456153 0.119696 0.0166574 0.0447437 0.0128204 0.0435971 0.0749823 0.0493339 0.0313212 0.0954052 0.0124498
174 A 4.0922 0.173464 0.057316 0.0331151 0.0450289 0.0424674 0.0673023 0.0325514 0.0247078 0.0289421 0.0196954 0.0454225 0.0218791 0.0209399 0.0293116 0.0260367 0.0989894 0.0695092 0.0734344 0.047271 0.0225012 0.0201147
175 F 4.08111 0.0857893 0.0548568 0.0371098 0.0291615 0.0697378 0.0135035 0.0373548 0.0696947 0.0179139 0.166329 0.042041 0.0298611 0.0304242 0.0169165 0.0293093 0.0638038 0.0291023 0.0387217 0.055883 0.0760341 0.00645133
176 F 4.23683 0.0431381 0.0528974 0.0412776 0.0372629 0.0979846 0.0321957 0.0477731 0.07507 0.0221709 0.120277 0.0436792 0.0367703 0.045517 0.0352796 0.057747 0.0499074 0.0202348 0.0340657 0.0346199 0.0515168 0.0206148
177 Y 4.11411 0.0361945 0.0469791 0.0543402 0.0475449 0.067468 0.0208226 0.0520738 0.0268572 0.033978 0.0500628 0.0448737 0.0528978 0.0280385 0.0434202 0.0255039 0.0207751 0.0222215 0.0205008 0.0476569 0.195643 0.062147
178 K 4.25225 0.0383525 0.0398045 0.0390563 0.0760089 0.0429745 0.0266332 0.0448401 0.0834221 0.0621194 0.040208 0.0611276 0.0644937 0.0286052 0.0466902 0.101764 0.0140454 0.054674 0.0483611 0.044311 0.0178837 0.0246248
179 L 4.09083 0.018863 0.0416058 0.0399144 0.0224533 0.188024 0.0996813 0.0429699 0.0483966 0.0421147 0.0546177 0.0477894 0.043634 0.0686101 0.0319534 0.0275554 0.0494405 0.0236145 0.0153199 0.0420045 0.0209612 0.0304764
180 D 4.30455 0.0443001 0.0459233 0.109505 0.0478336 0.04384 0.0748939 0.0359947 0.0457112 0.0462875 0.0180843 0.0493295 0.0668692 0.0340704 0.0403719 0.0339388 0.0475228 0.0365493 0.0409197 0.0459402 0.0512485 0.0408667
181 I 4.25057 0.0352362 0.0457129 0.0329672 0.0312271 0.0330403 0.0352554 0.0432146 0.112775 0.0646497 0.105927 0.0521558 0.0358419 0.0394807 0.030003 0.0329841 0.0300944 0.0572546 0.0696711 0.0493809 0.0369652 0.0261634
182 I 4.16698 0.066054 0.0307722 0.0386063 0.0524373 0.0457067 0.0359326 0.0355153 0.0326634 0.0649254 0.0394168 0.149194 0.028536 0.0247456 0.0342146 0.113892 0.035641 0.0282022 0.0483295 0.0422221 0.0389162 0.0140765
183 P 4.27209 0.0846074 0.0375626 0.0353409 0.0459841 0.0460807 0.0384757 0.0266904 0.0487388 0.0515027 0.0576761 0.0429384 0.0177104 0.0525112 0.0434103 0.0455672 0.111939 0.0688029 0.0508993 0.0418498 0.0238675 0.0278447
184 I 4.11637 0.0270096 0.0348725 0.0238823 0.0249025 0.122532 0.0229446 0.061248 0.0629995 0.0548902 0.0231998 0.111063 0.057332 0.0262114 0.0307916 0.0694803 0.030788 0.0219347 0.0893892 0.0390638 0.0618496 0.00361583
185 D 4.16106 0.0755245 0.0302774 0.0160246 0.031052 0.0350181 0.0513524 0.0468548 0.0813231 0.0796531 0.0564773 0.0524951 0.0532354 0.0247516 0.12175 0.0493155 0.0213918 0.0274136 0.0669688 0.0452151 0.0329959 0.000909745
186 N 4.18696 0.0429585 0.0258102 0.148284 0.0330749 0.0325925 0.0484525 0.0614399 0.0408284 0.105066 0.0243146 0.0319685 0.0278548 0.0447798 0.0665003 0.0432073 0.0423301 0.041652 0.0416101 0.0487158 0.0307195 0.0178408
187 D 4.21336 0.0546047 0.0206439 0.0210688 0.0758875 0.0619554 0.0487538 0.0609474 0.0656243 0.0806998 0.0300452 0.0324607 0.0622546 0.0229979 0.0802171 0.0735651 0.0347256 0.0401834 0.063046 0.0188338 0.0473365 0.00414845
188 T 3.89141 0.0514523 0.0578342 0.0213867 0.022883 0.0144699 0.0205247 0.0528369 0.0657704 0.0579486 0.0259452 0.0356185 0.0884262 0.15069 0.168656 0.073528 0.0190434 0.0132981 0.0262822 0.0238455 0.00851249 0.00104798
189 T 4.26532 0.0699089 0.0344979 0.0482628 0.0362544 0.0698604 0.0281748 0.0850157 0.0456766 0.0317871 0.0412478 0.0511188 0.056832 0.041725 0.0395945 0.079775 0.0877095 0.0483211 0.0240842 0.0365006 0.0319035 0.0117492
190 S 4.14912 0.0356045 0.0462141 0.0188137 0.0354124 0.0766422 0.0743787 0.0210373 0.0627889 0.0699048 0.0393903 0.0450831 0.0837432 0.0115719 0.026711 0.137759 0.0343713 0.0640595 0.0241783 0.0347051 0.0438762 0.0137549
191 Y 3.8651 0.032384 0.0675546 0.0305891 0.0353717 0.105667 0.0160913 0.159261 0.0247278 0.0158983 0.0158906 0.0294386 0.0413312 0.0153038 0.0499697 0.00727057 0.034144 0.0282832 0.0174608 0.0572459 0.192392 0.0237244
192 T 3.8116 0.0414308 0.0297196 0.0332683 0.0242654 0.0488362 0.0247972 0.0838189 0.0168981 0.175724 0.0271911 0.0603646 0.0169689 0.00678065 0.0238192 0.205617 0.00968448 0.0489452 0.056611 0.0297404 0.0284614 0.00705845
193 L 3.94529 0.0438713 0.0222033 0.0538599 0.0176581 0.0537067 0.0168276 0.0322758 0.0879555 0.015294 0.187752 0.0472455 0.0316673 0.0314825 0.013639 0.0148572 0.043207 0.0246233 0.123191 0.0968274 0.0179912 0.0238642
194 T 4.20173 0.0808918 0.0342358 0.020415 0.0652973 0.0121633 0.0776104 0.0498458 0.0532471 0.104077 0.0231696 0.041785 0.0602365 0.0426157 0.0376489 0.0596787 0.0755328 0.0521069 0.0361038 0.0398953 0.0270852 0.00635791
195 S 4.15256 0.0363842 0.0971898 0.0355123 0.0239493 0.0347174 0.109348 0.0470404 0.0242763 0.0838294 0.0160829 0.0553493 0.0473006 0.0421095 0.0594676 0.0984274 0.0600815 0.0469976 0.0172904 0.0277495 0.0295769 0.00731991
196 C 3.68867 0.0294191 0.336195 0.0245215 0.0312631 0.0583592 0.0223596 0.0276431 0.0148041 0.0400458 0.0224782 0.0470863 0.0294114 0.0268469 0.0358967 0.0247022 0.0154884 0.0261601 0.0163424 0.0328044 0.0839444 0.054228
197 N 3.65945 0.0334477 0.0163733 0.0642626 0.0378119 0.0147973 0.0118268 0.0183986 0.0112005 0.164201 0.00875136 0.0343154 0.0804482 0.0546721 0.0247674 0.263849 0.0478985 0.022023 0.0140696 0.0252798 0.0434302 0.00817616
198 T 4.12226 0.0606543 0.0620739 0.0353452 0.0343166 0.0465128 0.118049 0.0349405 0.0453088 0.0454494 0.0230532 0.0615089 0.0516129 0.00218632 0.1174 0.0797215 0.0504379 0.0287612 0.0314716 0.0465843 0.0177018 0.00691033
199 S 3.79071 0.0602739 0.0280133 0.0272618 0.0298048 0.0232577 0.0103596 0.0276162 0.0142746 0.192066 0.0313387 0.0499836 0.0584616 0.024676 0.00898225 0.181854 0.0925964 0.0728312 0.00767362 0.0275284 0.0111306 0.0200152
200 V 4.06584 0.0708515 0.0331721 0.100132 0.0163083 0.0886342 0.0870704 0.0591037 0.0641691 0.0927488 0.0313828 0.0297114 0.0134663 0.00620826 0.0566437 0.0644688 0.0258724 0.012241 0.0220403 0.0716895 0.0523735 0.00171208
201 I 4.06659 0.0359006 0.0182993 0.0331996 0.0210686 0.0328288 0.0323106 0.0186832 0.128436 0.0385097 0.0493168 0.0514048 0.0602312 0.042871 0.0670973 0.0281418 0.0229612 0.121858 0.122657 0.0327116 0.0372208 0.00429304
202 T 3.9651 0.0828801 0.00620222 0.0174822 0.0138346 0.0263371 0.0516999 0.00933139 0.0666822 0.156041 0.0281429 0.0709544 0.0743542 0.109292 0.0467511 0.0294466 0.0758997 0.041105 0.0480607 0.0302247 0.0138556 0.00142252
203 Q 3.66585 0.0281892 0.0116865 0.00875753 0.0484091 0.0306774 0.0179829 0.0511671 0.0139955 0.182719 0.123879 0.0441176 0.00442338 0.00437617 0.0144256 0.111411 0.0152319 0.0218157 0.182225 0.0221573 0.0476449 0.0147083
204 A 4.02803 0.0332836 0.029305 0.0458509 0.0181419 0.0487761 0.00927188 0.0740949 0.154616 0.066195 0.0302566 0.0343279 0.061917 0.00255098 0.03052 0.0753096 0.0461318 0.0371576 0.0684719 0.0307283 0.101086 0.00200744
205 C 4.06323 0.0322474 0.23378 0.0408394 0.043078 0.0742725 0.0442785 0.0328563 0.0418502 0.0371165 0.0347329 0.0419443 0.0345493 0.0258662 0.0393202 0.0315102 0.0348542 0.0346503 0.027122 0.0409731 0.0454368 0.0287219
