#header row was commented out so only modifcation was to uncomment it.
POSITION WT SITE_ENTROPY PI_A PI_C PI_D PI_E PI_F PI_G PI_H PI_I PI_K PI_L PI_M PI_N PI_P PI_Q PI_R PI_S PI_T PI_V PI_W PI_Y PI_*
31 T 3.64884106766 0.0417270870618 0.0439346944436 0.00469212704086 0.00734516605106 0.128009166714 0.0278260998766 0.0127369453144 0.10715994477 0.0483838145652 0.00657956879005 0.0683934528812 0.0337917648631 0.0134552451131 0.0168700663065 0.250024019014 0.0319321233069 0.0774424590542 0.0170599983346 0.0155105579242 0.0465082686691 0.00061742990547 
32 E 3.71644666317 0.123739870536 0.0290070940311 0.105259099084 0.123519340272 0.00470077090618 0.11980940398 0.116740103032 0.000546523184168 0.0340628645303 0.000136734138669 0.01925785695 0.044829934607 0.00944389745701 0.0859487413456 0.0354300230287 0.0701102813618 0.0328335531897 0.00276807787721 0.0302498335941 0.00624453743323 0.0053614594615 
33 K 3.95772208309 0.0618109989733 0.0533153924885 0.0480693663779 0.163771423325 0.0329234012477 0.0409071163944 0.0295202339993 0.0419160024378 0.0251348482323 0.0210909709838 0.0340813226907 0.178917646773 0.0108976658828 0.0308777099115 0.0351869701599 0.029289258985 0.0348386745728 0.0179747337442 0.0363161862515 0.0686720686244 0.00448800794415 
34 L 3.31063628431 0.00250178882623 0.0886937042036 0.00798581420614 0.0267497856592 0.062440388396 0.0177304089662 0.0151722657234 0.00985154558119 0.0149053898492 0.064933624627 0.374700539138 0.0169045874375 0.00527105040401 0.0192062640342 0.0179081352146 0.087095964994 0.0765322996613 0.0449708823316 0.0157134187253 0.0303519552827 0.000380186738921 
35 W 2.13643594083 0.0037505713387 0.0173466240969 0.0059094543164 0.00692793059374 0.0738164816952 0.0031492749341 0.00839585198675 0.00949217976724 0.00623096897623 0.0112543996644 0.00796078407341 0.00295045813639 0.00191420807915 0.0116948307687 0.0148676531489 0.00201180195823 0.00644839240499 0.0295030627608 0.654785816003 0.0524871982682 0.0691020570285 
36 V 2.11178701796 0.020516337251 0.171738225787 0.00354993239565 0.00414295215128 0.0201645856293 0.000926318820525 0.00201593940837 0.0885936150189 0.00716180341996 0.00227584117105 0.00910998958863 0.00131254803281 0.00141597313403 0.0054386023604 0.00137117005993 0.000525353494354 0.0888632433552 0.564678137593 0.00398360378992 0.00114231701803 0.00107351052145 
37 T 1.9576463378 0.0987323281849 0.0267837927749 0.00175275112905 0.00939935728243 0.00777469902735 0.023643554432 0.00400602840326 0.0548141924773 0.0179208078954 0.00222877055165 0.00337165713621 0.0121103133158 0.000897210177781 0.00135983761323 0.000413977113364 0.0564400421045 0.667683414491 0.00074971239931 0.00619276167735 0.00254263927355 0.00118215253991 
38 V 2.20830050254 0.0274886115448 0.00542720835796 0.00788166868867 0.00787692250497 0.0363231628355 0.0118616625467 0.0231448763059 0.55019186974 0.00941298368162 0.0109826104851 0.0137332716787 0.00809757410341 0.000885228776303 0.0126588746278 0.000862900429633 0.00469021810411 0.000819210449582 0.243702841806 0.0187361704211 0.00434785215746 0.000874280754146 
39 Y 1.59976356058 0.00130412856536 0.0285638226933 0.0033102689709 0.00157994346823 0.525100104444 0.00195997898137 0.00881197829383 0.00203210012768 0.00081455528952 0.000692799702436 0.00431006509797 0.00632949289487 0.00275516456342 0.00354075101561 0.000686379827688 0.00192601240494 0.00134663175273 0.00316462533124 0.00604332913868 0.392164474641 0.00356339279477 
40 Y 1.88701694121 0.00949237622024 0.0135515011683 0.0256718644087 0.00245203832306 0.189093979505 0.0050826938943 0.0196400752385 0.000960895259306 0.00624929160871 0.000284445046422 0.00447112193649 0.028802774045 0.00211889187062 0.00501860653697 0.000825378204818 0.00123090688641 0.000719935253991 0.0115889183204 0.024136344229 0.643589590331 0.00501837171278 
41 G 1.16210939352 0.0181552643235 0.00256149097155 0.00520882693172 0.0471198791475 0.00182406051256 0.843508985093 0.00474014183297 0.0015892776809 0.00397101934767 0.00224859314516 0.00806596479457 0.00316874578299 0.00510840706476 0.00414521761756 0.0237208067593 0.000880171914629 0.00151776890337 0.00490126078641 0.0134321927087 0.00362673162747 0.000505193053595 
42 V 1.6966258639 0.0073584579137 0.0133450980472 0.010793731528 0.0126667711953 0.00178621348021 0.00224685566613 0.0116917979902 0.0632056478719 0.00746284117733 0.0254008755956 0.0178230237326 0.0102105082666 0.013864325964 0.00761908413719 0.00181447780244 0.00172649685584 0.00529689799129 0.758833058085 0.0166633957055 0.0056734701804 0.00451697081371 
43 P 0.875750915152 0.0108060769634 0.00409167086122 0.00309690424939 0.00649662099448 0.00243498643477 0.00126714951205 0.00535953246852 0.00456092848334 0.0038200519714 0.00924958776406 0.00305463225037 0.00247632577338 0.896182802858 0.00216002800727 0.000458859691512 0.0234644001999 0.0107588685112 0.00129108526266 0.00429673050747 0.00241258244306 0.00226017479286 
44 V 2.74926822978 0.0875460488372 0.0456952005278 0.00479420039282 0.00757089977139 0.00191518263307 0.0926369560383 0.0107444740878 0.0366182923826 0.15095067914 0.0362681204613 0.0568941832293 0.00806714863823 0.00394727849684 0.0012413214037 0.00131347503209 0.0036684132943 0.000334143323792 0.43967490087 0.00650957268114 0.0019512343578 0.00165827440029 
45 W 1.34692423446 0.00145822918566 0.0143189052508 0.00209780619143 0.00135876027522 0.0219093524667 0.00737740557291 0.00163017187368 0.00102747042087 0.00111632722285 0.00486312618177 0.00395995916992 0.00285071797414 0.000397357775242 0.00152637061781 0.00229290597761 0.00118159415849 0.000966733885412 0.00213766856995 0.752331706114 0.157292610111 0.0179048210047 
46 K 3.07824781586 0.0106959389657 0.0464921021276 0.00916329061317 0.0514846305262 0.0132937745392 0.044183204981 0.453773002228 0.0166006666112 0.0161971902772 0.00770333279839 0.0301314189455 0.012384891821 2.66726972119e-05 0.0159044377631 0.0636894123956 0.0913846190234 0.0158454710279 0.0156741364707 0.0274108001219 0.0567009513797 0.00126005468608 
47 E 1.83210712168 0.0179001934004 0.00129479939393 0.698080815383 0.0718971023748 0.000836631793571 0.0283389289089 0.00485066509123 0.000124796487777 0.034151904617 0.000143224034268 0.00250036616408 0.00670544848206 0.0769055588904 0.00864029583577 0.00123350651542 0.0104191776294 0.0248645033512 0.00471760255349 0.00101660007231 0.0025805765869 0.00279730243366 
48 A 2.90110165502 0.00232840250347 0.0149282180423 0.0147975847996 0.238809867036 0.0427590039289 0.024882134383 0.00245863314308 0.0220538368979 0.0115310255726 0.00412382608995 0.357483583237 0.00428066970026 2.38208113894e-05 0.0644072379074 0.00672720790331 0.0170801322211 0.00547096800965 0.00818339377846 0.0497945678049 0.107678582385 0.000197303844639 
49 T 3.55837576623 0.0831369787544 0.080088947239 0.0176432090046 0.0203531471099 0.0532088982032 0.235117032506 0.00118861787268 0.0151135691171 0.0111196777523 0.00223774156007 0.0524155991295 0.0483826599067 0.070669549019 0.0100224809898 0.0172538638974 0.0253950419078 0.0529237782593 0.00881222685794 0.0183557372939 0.176453492295 0.000107751324693 
50 T 3.25310340555 0.0125724140472 0.0188948572105 0.00432833101021 0.090173986277 0.0164835870111 0.0753945127655 0.0102407545965 0.310689854321 0.000565188492896 0.00137549745319 0.0265452342172 0.0225829941461 0.0928959416718 0.128096305952 0.000409220680119 0.0121930832947 0.11016462501 0.0482290411989 0.00596592314899 0.0117177982524 0.000480849241906 
51 T 3.57965444515 0.00570664029777 0.00371170536033 0.0399858668404 0.0620322396939 0.0245615367838 0.0103607671726 0.0141924245072 0.0435702684855 0.00691200964991 0.033739519482 0.0247782694255 0.109830232646 0.0156774723188 0.00575892201834 0.045041576923 0.1310196422 0.0221165295718 0.0296521576526 0.160152526527 0.211155813716 4.38787280096e-05 
52 L 1.15468551925 0.0029100432087 0.0323648847591 0.00111127600662 0.0031633183358 0.00814906898571 0.00222258112641 0.00165159535537 0.00637526293884 0.000984441158002 0.835167174481 0.0619225619159 0.00128641886103 0.0024943979259 0.00272115099872 0.00206084606193 0.00254300411231 0.0101387768638 0.0142063658784 0.00614695316952 0.00182334628796 0.000556531569098 
53 F 2.45232895813 0.00184503691612 0.00130475326156 0.00147077520606 0.00364781845153 0.152422778682 0.000908515776915 0.0638106192948 0.152074956469 0.000656062148676 0.0564862808786 0.0424494242332 0.000543597031923 0.001419563381 0.00514232721141 0.000921478568181 0.000955954167761 0.000877760572563 0.0319341970186 0.0160470243366 0.464970919238 0.000110157155746 
54 C 1.50289427617 0.00381265727159 0.768511853226 0.00651554731881 0.00624400758203 0.0565751620012 0.0103095327268 0.00775004052567 0.00319037666143 0.00624371428775 0.00170124342097 0.00399277136523 0.00567223530244 0.00735500007609 0.00245534114585 0.00791098734038 0.00209106948515 0.00349387337326 0.00127600267332 0.00504891487456 0.084414660401 0.00543500894067 
55 A 2.5918690774 0.017652138527 0.165542590696 0.000212449322645 0.0117028905121 0.0363824686038 0.0364947995144 0.0122927885737 0.036790242782 0.00205105903013 0.000113442153101 0.0776491035182 0.00213593145923 0.000123670951159 0.00186795894738 8.97315339609e-05 0.039084976626 0.0758658102674 0.47657110902 0.00376149761219 0.0033755089341 0.000239831415612 
56 S 2.77087072399 0.00614124816569 0.0102807289034 0.00607656913138 0.00330786170567 0.00949642783158 0.00205582939926 0.117262095485 0.00581293377599 0.00404617397639 0.00677612185059 0.16503277282 0.00164090140898 0.00219447500943 0.00530939704749 0.00193029848975 0.011445370929 0.0725959004453 0.374101990995 0.162461931812 0.0176901791288 0.0143407916894 
57 D 3.96737149967 0.0953584224883 0.0366335977339 0.00441661770479 0.035474556075 0.101904673482 0.0220990878222 0.0191665223148 0.0291456224033 0.18343774119 0.0245726692347 0.0360103900791 0.0929547851513 0.0187192148783 0.0606632492036 0.0436987273662 0.0142362983192 0.0121854758403 0.029924434451 0.0391676761214 0.0634699530981 0.0367602850431 
58 A 4.08645026566 0.00176554556528 0.0671390940214 0.0694903004575 0.0640981723746 0.0328858802468 0.0424726651187 0.0381955859164 0.0580096649266 0.085755353498 0.0311013889091 0.0452060580043 0.0413305745187 0.0476994545781 0.157737824221 0.0119669432317 0.0600264515838 0.0465434257196 0.0365143543013 0.0340581130213 0.00625440324623 0.0217487465398 
59 K 4.25850926648 0.0439847609519 0.0565981309674 0.0513944553145 0.0987413064918 0.0432441160517 0.0437843103223 0.0429023738813 0.0469520528992 0.0027236744022 0.029446029616 0.0345181839438 0.0263142624082 0.0355352949358 0.0692153523862 0.0744254042975 0.0333968873644 0.0602148574131 0.0686109670895 0.04262492392 0.0534615440757 0.0419111112677 
60 A 3.32084299568 0.00630939259851 0.0107853455688 0.039497527322 0.0696574126101 0.0112849841509 0.0145793940973 0.0414008085228 0.000179627046989 0.294291777417 0.00472905945424 0.0120995287515 0.0037894941004 0.00522360089936 0.0985204014043 0.188192100153 0.0165727168636 0.0510757317979 0.0490930838135 0.03495583472 0.0474487104537 0.000313468254624 
61 Y 3.92181237057 0.0213361353216 0.0406580500405 0.0499444263604 0.0189612546652 0.0382218251002 0.0485642701272 0.15336945518 0.0129414852541 0.0154027802763 0.0322845842045 0.125207264584 0.0344582452954 0.0307372513435 0.0738230030266 0.00780301383936 0.137676515567 0.0611582021165 0.0475718416803 0.0361570678962 0.00631489345112 0.00740843466915 
62 D 3.62392108406 0.0247560777094 0.025009840959 0.00464066488622 0.128150854466 0.0325257538027 0.144158686811 0.0342716756693 0.00440888686362 0.037355892621 0.00311651886817 0.0244459944359 0.196403750399 0.166327235396 0.0156579984676 0.0199068526558 0.018387233302 0.0186980524082 0.0237017279786 0.0320830257929 0.0316177323733 0.014375544134 
63 T 2.67354496772 0.05023805684 0.018530451606 0.00894602267058 0.00688220333038 0.0140317912214 0.0184461120425 0.0676788020366 0.00923887104434 0.559811666273 0.00482657683166 0.0276518927958 0.00547492338256 0.0160130894957 0.0233010462135 0.0780725238263 0.00765803581777 0.0317189440568 0.0180022197022 0.0156882242145 0.0157192846661 0.00206926193189 
64 E 2.78624228908 0.071598823808 0.0071789342317 0.0481524603189 0.000371515537591 0.00256200900828 0.280818569321 0.00476042036735 0.00639012993717 0.0232866173389 0.00183667850249 0.0339547970003 0.343814050602 0.0106827812956 0.0291119731755 0.0217869798487 0.0980083167824 0.00280338965972 0.00530574014088 0.00622153451805 0.00134973355118 4.54505395844e-06 
65 V 3.32717400645 0.00897782255185 0.00548097623047 0.111492042577 0.0206803682997 0.100654447893 0.00432037790197 0.151641869409 0.00139550283226 0.154683578394 0.0152283460786 0.0108761267985 0.0785822065027 0.0116913889653 0.00392642735487 0.0692437260707 0.00876305246122 0.00397957921105 0.00297951390639 0.0247642136587 0.210630815055 7.6178478297e-06 
66 H 3.47342924919 0.0516500878731 0.00419492965194 0.0205068023776 0.0114116492534 0.0465380650309 0.0858794505903 0.000657882871094 0.169140141276 0.0103917709921 0.046475038008 0.0171226878955 0.0544437092196 0.00918963728559 0.214506056157 0.000637796352159 0.0381002291259 0.00274744727485 0.00533405851951 0.113289106447 0.0973102496372 0.000473204162117 
67 N 3.80936346982 0.0174570328454 0.00843484168081 0.0251662753083 0.00942021191055 0.121915047726 0.0175086951301 0.0242038704715 0.111985904763 0.117497700351 0.0519657072471 0.0255656750096 0.0690022670693 0.00410039194638 0.0567113061867 0.0504858272181 0.0401352776465 0.162901808995 0.0218203466144 0.00856105306361 0.0548309592396 0.000329799577306 
68 V 2.76736479243 0.027006249783 0.00319390789593 0.00569736963152 0.00508988885461 0.489741411022 0.0484786949585 0.157614283397 0.00944861411211 0.00293343823613 0.0512017103473 0.0215231880728 0.0177042317317 0.000721331608332 0.0133506709081 0.0138254378574 0.0185595966449 0.0230408902516 0.0134247347398 0.0308351805049 0.0465967664892 1.24029536701e-05 
69 W 2.74643436735 0.00483093056532 0.0129295767147 0.012505616538 0.00206676954647 0.0423708107691 0.0196695531581 0.0697729880595 0.167978616205 9.81058400602e-05 0.449760785262 0.0751232217367 0.000879566835067 0.00341106406776 0.00639641161905 0.0040954818647 0.000371762253418 0.000157144539801 0.045171949385 0.0212483867296 0.0522618969729 0.00889936133795 
70 A 3.26575301488 0.00626574258914 0.0221780093366 0.0308150573892 0.058634909723 0.0117579750518 0.00680010540477 0.02298750959 0.379191542302 0.0138524945575 0.0170647989138 0.0125137544282 0.147706502908 0.000814754075989 0.0683444576381 0.0373325638611 0.0192894091735 0.0160075827505 0.0408001411402 0.0288557517813 0.0552064970933 0.00358044029137 
71 T 3.62804703086 0.0319888221037 0.00973663411576 0.0290018439145 0.12014407494 0.0114287157238 0.0211536680112 0.0284925457844 0.0786703817897 0.106887515175 0.108818413965 0.0102477583913 0.0780370686628 0.0035700496684 0.0720168488976 0.217238788967 0.00732723175122 0.0219785954046 0.00493277413639 0.0257697836202 0.0107212145958 0.00183727038087 
72 H 2.37193562939 0.0342773762208 0.0529852439497 0.00544197225441 0.0055405606509 0.00918731060428 0.00686764156968 0.0081964865826 0.0391819066717 0.0187815368051 0.618555755662 0.0630013722136 0.0194213673777 0.0107209648113 0.00584271885366 0.0333475887067 0.00188569352642 0.00193790318388 0.00319271863965 0.0295371860329 0.031980390937 0.00011630474604 
73 A 2.88037791893 0.0140264313806 0.00597506535292 0.0238681699915 0.0345589033485 0.242879845644 0.0350764644526 0.00524777940267 0.167383956473 0.000462111946658 0.0293448112714 0.025883858362 0.00395181939681 0.000630788787059 0.0177524888995 0.00174353310445 0.0219364027128 0.0200016532814 0.332239313784 0.0159754336516 0.000955222682307 0.000105946073521 
74 C 0.757949723798 0.00222383557679 0.896055819258 0.00092652397382 0.00118138228174 0.00742502353663 0.00904487168342 0.00219486037503 0.00035284516071 0.00136655108988 0.00184112952225 0.00128731701622 0.000762883317406 0.00212292294155 0.00530299596809 0.00266710066427 0.00228065617372 0.00166977252501 0.000782889943533 0.00220355617955 0.0577493648313 0.000557697981432 
75 V 2.95759082802 0.0165606446837 0.0397874520205 0.00300844239429 0.00172233161645 0.172928909869 0.00213795905847 0.00123535864475 0.0567450827431 0.000648830492288 0.038398031295 0.0325069972356 0.00119401831382 0.045917467066 0.00482406275261 0.000390087913431 0.0936114421195 0.383530063978 0.0688022932032 0.0223120857418 0.0135628908368 0.000175548021846 
76 P 3.29716547902 0.288810197001 0.000782358847076 0.00699080279948 0.00205810842535 0.0432013827331 0.0440379440603 0.0148401921913 0.00944617211855 0.00392490059882 0.155744250316 0.0795186822652 0.00141379261463 0.063693114271 0.0251082748146 0.00130391840466 0.0409561149342 0.0177812514646 0.100145073064 0.00890554248128 0.091074077868 0.000263848727037 
77 T 3.15623775957 0.0286873805112 0.00585758789034 0.00205352808139 0.000750957445394 0.0701487369499 0.0459692448929 0.337473529762 0.154441173422 0.0169939552058 0.0436491432431 0.0619354820774 0.0345992753384 4.65143477782e-06 0.0358260825227 0.00159143673347 0.00233471354125 0.00289634848731 0.115344263212 0.0102716913115 0.0291629035525 7.91438441354e-06 
78 D 3.42524474556 0.0292072395945 0.00678102419292 0.014656185898 0.0765037630302 0.0252256890133 0.0104086206697 0.00364304185956 0.0221322670191 0.096100813316 0.0319576778532 0.0223105757574 0.0409881966937 0.00122864969619 0.0082188302754 0.0468918405657 0.183203170983 0.112511997303 0.0103357734872 0.00838081985173 0.249199790264 0.000114032676163 
79 P 3.68719516288 0.257507574017 0.0138529081523 0.0335948516212 0.023787420689 0.0720020716998 0.000510704908215 0.0166652353569 0.069020563728 0.011419382754 0.0683914832916 0.0385974865655 0.0476798254213 0.00700982478339 0.0143108793119 0.00522225644994 0.0602797445051 0.118691432976 0.0214385639715 0.0374642860906 0.0693543049299 0.0131991987773 
80 N 2.9296732964 0.0123618532881 0.00602312378027 0.0426748750694 0.0121500315735 0.0029811568537 0.0125989189051 0.0235937620144 0.44055242754 0.0888180031249 0.0323551860544 0.0059803213835 0.0178541732367 0.000264500709298 0.0371556548494 0.0819414665185 0.0120252629309 0.0259812187751 0.133046998863 0.00472151248486 0.00659620905562 0.000323342989227 
81 P 2.90073133317 0.0572400855863 0.00657161696742 0.0426599059061 0.479608176732 0.00475674531674 0.0390215633265 0.0113293282259 0.0207921122386 0.0022235371359 0.0100469144763 0.0278671278047 0.0234388714209 0.0017452604924 0.0698742796507 0.00397951951018 0.0676860131612 0.086278435782 0.0248934076714 0.00743873387541 0.0125455050835 2.85963545371e-06 
82 Q 3.13047851362 0.00784025889635 0.0216081353183 0.0190105359739 0.0147051875366 0.270880427393 0.00999992737811 0.0845911432652 0.00684801206138 0.0470684296144 0.0051598759906 0.0395619204818 0.007399592515 0.0145589165774 0.014319794466 0.010030052025 0.00830627069391 0.00941965940919 0.0151870381287 0.124789777965 0.268006070209 0.000708974101034 
83 E 3.44326299784 0.0711995798368 0.00544113970926 0.0672831093526 0.269929964018 0.00105789117841 0.0944507493654 0.0379559982551 0.00190002528754 0.023208994569 0.00108752560158 0.0166669771672 0.0820892527395 0.144961527519 0.0344473919034 0.000637766289244 0.0311214491236 0.0614849641977 0.0283004489533 0.00989085931293 0.0153749823474 0.00150940327316 
84 V 2.8800115531 0.0255412479725 0.0235984759037 0.00256026914848 0.0317305573707 0.0185453077566 0.00254648171163 0.0156162368868 0.399599797871 0.0404914066178 0.0782159167315 0.0405637141164 0.00277826044567 0.000811510935014 0.00910218043371 0.0163995133514 0.0137729768964 0.00353348099164 0.0206766091615 0.0197576103035 0.234087458823 7.09865711181e-05 
85 V 3.45598477033 0.0967342198005 0.00637144886932 0.0230073917292 0.021284602608 0.00635853037717 0.00559641693216 0.0181820578221 0.0184856609155 0.0175952974035 0.127941635927 0.0471696599807 0.00536570236982 0.0284364437671 0.0946584901427 0.140687086619 0.0343106590216 0.261818078248 0.0114478473255 0.0261081973921 0.00822351732591 0.000217055422972 
86 L 2.52658370475 0.0133870202131 0.00702596535883 0.00485297604912 0.0151738500494 0.017429023698 0.00278603148731 0.00507177858931 0.0846667423317 0.00194402898962 0.172882657998 0.47373005913 0.0163371350912 0.0022269611965 0.00275117608424 0.000712934118712 0.00497681297077 0.0456988498286 0.117923210691 0.00742088993531 0.00242476164169 0.000577134547808 
87 V 4.09699812524 0.0723045182495 0.0338485747417 0.123404192511 0.0415950333628 0.0804711235779 0.0255012167591 0.0780270949972 0.0458599868083 0.0142821205 0.0780338672755 0.022231859663 0.0336267805019 0.022343646493 0.0172379270739 0.122401324572 0.0207655672348 0.0488357855016 0.0374077813155 0.0321900437828 0.0378587064698 0.0117728486087 
88 N 3.89245334823 0.055493345385 0.0701196597475 0.0658147457466 0.0149558314495 0.0127879365451 0.0685534967022 0.0229241422111 0.0261757452205 0.130944038726 0.0051368351502 0.0248096858053 0.14960201085 0.00415927394491 0.0220209570805 0.0312753828771 0.0747560226059 0.0656618296669 0.0106413999805 0.0257784263922 0.107844379717 0.0105448541954 
89 V 3.44933835857 0.0212956881582 0.0295289703205 0.0172414128229 0.00996813812455 0.0336389572548 0.00389039561986 0.0227176631999 0.0793979527551 0.0150065274439 0.0691668888195 0.026854046756 0.0150164004614 0.00333031123421 0.0165085418753 0.017074427903 0.00637916748742 0.100510974406 0.338076257457 0.0707701327112 0.0843347887118 0.019292356478 
90 T 3.89812382589 0.038192366775 0.0165360561892 0.0103368934251 0.0584148445939 0.0228720945813 0.00915502412796 0.0541277038911 0.0277541712554 0.082399769615 0.0246364038945 0.0431251469667 0.0252498922961 0.00140831685321 0.0137022454257 0.0989199215909 0.0524211634792 0.125034108397 0.11647448963 0.0383188354421 0.136043396513 0.00487715505742 
91 E 2.98858905974 0.00356499216711 0.0287268328709 0.0506135576289 0.3583882178 0.00858743458711 0.0325555232538 0.0166018970177 0.0149324197426 0.27535013912 0.00795432249224 0.0572911093289 0.0367272585173 0.00481841776897 0.011721560066 0.00593072099859 0.0150395071264 0.0118044746829 0.0143248216764 0.0170807027756 0.0219493627673 0.00603672761107 
92 N 3.84658959632 0.0176620999167 0.016095268401 0.0543373899381 0.125535728931 0.0120709315061 0.0101474399082 0.163773644542 0.0381661206574 0.134043868023 0.00851780529172 0.0168999406227 0.0607883610223 0.0325654345103 0.0338476299009 0.049447702981 0.0612475978482 0.0835371407692 0.0146310178192 0.048336760944 0.0169750938855 0.00137302258158 
93 F 2.51582031221 0.00758845965144 0.0222066994647 0.0157142109479 0.0235640340009 0.594884361779 0.0112875405425 0.0184329297654 0.0304814071431 0.0222369631771 0.0314151929756 0.0338296934566 0.0053093010214 0.00546888181187 0.00285422755154 0.00760759326919 0.0717059226019 0.00471565255086 0.00730565905358 0.0173272066967 0.0634244215858 0.00263964095259 
94 N 3.98025409599 0.0281774951395 0.043479104133 0.135327691176 0.103105984515 0.0198880586351 0.0296500733358 0.0243161415672 0.0172128013224 0.0792953985195 0.0175899551838 0.00591174041521 0.0796106796552 0.0182200615079 0.0822463502418 0.0253283806969 0.0463298931947 0.0305755861407 0.0364921456001 0.0408988766046 0.129551522311 0.0067920601048 
95 M 3.50613596855 0.092667207899 0.0482089037989 0.0301518165043 0.0196516850147 0.0395607916656 0.12592142489 0.00192263314729 0.259117934905 0.00649884779721 0.00983199484308 0.0959219700071 0.001610698942 0.0110780590969 0.0143532372247 0.00768489576691 0.034479645935 0.0648374537062 0.092556315848 0.0392244345901 0.00365419312189 0.00106585529566 
96 W 3.89137147102 0.0740122331949 0.037456285163 0.0162741276036 0.117582989269 0.0184274886197 0.0280950723323 0.0415195884686 0.0492920426568 0.024008716003 0.0384841446024 0.015435731118 0.0731576202075 0.00819913103895 0.0812231500137 0.0547480174336 0.021947868243 0.0270213129443 0.00201753882275 0.072899438905 0.00688086194202 0.191316641418 
97 K 3.93535522053 0.00971409680605 0.0278945414188 0.0968250862788 0.00345451160958 0.0433618184564 0.0222458444775 0.0928299909806 0.0178815658631 0.0736100167468 0.0148137135417 0.0568412643306 0.0881079197295 0.0116501882794 0.0674086933874 0.0317905856018 0.017490542892 0.110830623212 0.126460241639 0.0153971980929 0.0654838204874 0.00590773616863 
98 N 3.54237290669 0.0995687874602 0.028385337389 0.0568724803829 0.0160404641355 0.0153434720983 0.0125541547685 0.0210059967936 0.194197062235 0.0116171849034 0.11148163687 0.00709198961141 0.230481468819 0.0200187295537 0.0276926360631 0.00194365935584 0.0311668330631 0.0377215344311 0.0188725349351 0.0262408509397 0.0303005172722 0.00140266891987 
99 D 3.29340105421 0.0750176905566 0.0311260510814 0.0323087480008 0.0347517420719 0.0125724831701 0.0280429528332 0.0203137662578 0.106412525414 0.0147536690715 0.00233648109005 0.074623580302 0.394190308194 0.0275402101672 0.00365864413175 0.00792260803049 0.0353162144965 0.0238151345582 0.0163762121631 0.0326372049644 0.0254999927129 0.000783780731234 
100 M 2.71235457357 0.209046763652 0.00117502124031 0.00638307871632 0.00462739073628 0.0830649028193 0.0179356649711 0.00525226055411 0.0512850892604 0.010843534616 0.0902291388172 0.407936093661 0.00192904051579 0.00187097905614 0.0169366186817 0.00136687620584 0.00110022772212 0.00797892003542 0.0672101760804 0.0110981233709 0.00178893480506 0.000941164483027 
101 V 3.32368030972 0.0313152739358 0.0318878084151 0.0343406125804 0.014306877041 0.00327520481994 0.00482306866475 0.00766831499862 0.257924899698 0.00249471899892 0.0651373337785 0.0170460502976 0.0502155164547 0.0570128413375 0.0166532598478 0.00187571692854 0.0817898426859 0.0504781540611 0.24262550937 0.0218572274361 0.0060226933596 0.00124907529033 
102 E 3.92011089012 0.0115724809408 0.0782291414362 0.0250489852906 0.0376159198118 0.0664290727673 0.173564842511 0.0462599468047 0.0245183285227 0.0844334585117 0.105941724192 0.0257457249286 0.00949864303086 0.00730051716367 0.117396535613 0.037393160231 0.0305996117532 0.0171116123095 0.0336239902649 0.039540302269 0.0128010908642 0.0153749107826 
103 Q 4.02182020427 0.0339746278684 0.0383591020591 0.0306538619187 0.0794196341035 0.0531886699841 0.071895098407 0.0347613914288 0.0447219017499 0.0960287194634 0.00656938369032 0.0348283585457 0.0523362928695 0.0356727921894 0.0951145516019 0.0438740503555 0.0324865547729 0.0189291639917 0.161288840009 0.00260349759375 0.00960359857848 0.0236899088186 
104 M 3.55801218704 0.193859867801 0.154270145276 0.00933759169432 0.00501351398411 0.0706325837544 0.00734082579893 0.0427785712928 0.0467956210318 0.00839700359679 0.0398561529262 0.106432116138 0.00768953397156 0.00363335184973 0.00370619567612 0.00393446185156 0.0225301615512 0.118347438907 0.0953895652157 0.02775265304 0.0299800671819 0.00232257746148 
105 H 3.02683905405 0.0373558695106 0.0488404705705 0.00176578016559 0.00892363250517 0.0131399463778 0.0196818788603 0.00250388339596 0.0220762478977 0.0239441422722 0.283947031891 0.0118490523008 0.0261720554845 0.00469023341748 0.0199432770745 0.0539377865596 0.0225478737176 0.337862809922 0.0288522682613 0.01094029004 0.0209350923432 9.03774322166e-05 
106 E 3.92397442842 0.0226512753573 0.0380103663167 0.208679068641 0.0380550997563 0.0260722765435 0.046078073148 0.0716434733065 0.0087605344311 0.117385126628 0.0232631114768 0.0395237866292 0.0373346538521 0.001361554411 0.0795059980139 0.0234264096516 0.0273715115234 0.0647717466159 0.0159711580759 0.0468132752708 0.034417954459 0.0289035458919 
107 D 3.155673453 0.0293745197867 0.0143959155245 0.0742119287929 0.337802411288 0.00156803340563 0.0561578406946 0.0358347771923 0.0106330482538 0.00220459254615 0.0693336524653 0.0801292412861 0.18961784519 0.0010310198153 0.0239945277288 0.00239375160081 0.0086754413568 0.0169584319106 0.00500034025887 0.0132071518512 0.0266286350865 0.000846893964334 
108 I 3.63507529717 0.0306871378204 0.0657367692934 0.011389021242 0.0088489147434 0.132671048841 0.00846764589337 0.0336923779183 0.0241921313756 0.00418388720951 0.0850000070578 0.08063453443 0.00011894249579 0.00662684903198 0.115519422328 0.0033523007108 0.00688105450547 0.145768823504 0.0584076942056 0.0458293553318 0.131911341399 8.07406620868e-05 
109 I 3.86952433741 0.0190228407637 0.0346708965812 0.0383651311866 0.00814837022221 0.11346574534 0.0112517327153 0.0522968036129 0.0244404949355 0.0527485358544 0.0634562951692 0.00969500814028 0.159693293444 0.00182151394336 0.0475157029803 0.10249331437 0.0789316718639 0.0782723491566 0.0280647420163 0.00976201567929 0.0657133880603 0.00017015396522 
110 S 3.69406384524 0.145445548252 0.00875502697088 0.0387476991122 0.0627028221735 0.0779205060127 0.197693048677 0.0443860048913 0.00745258918476 0.00780095771605 0.102125129789 0.0404066086161 0.0323223436247 0.000773078840905 0.0353626435257 0.0177704037396 0.0288436514075 0.00970623395755 0.0085136573977 0.0398134603479 0.093406250015 5.23357479147e-05 
111 L 2.94161717295 0.0138503372838 0.0178607284968 0.00836610978042 0.0111655867272 0.0479754922611 0.0883488492761 0.113042311263 0.0990136866331 7.85315532257e-05 0.00824210562319 0.0614260485271 0.0207765439068 0.000205264333939 0.426821893232 4.71457494344e-05 0.0159052941444 0.0371727300999 0.0042001287837 0.0137324246196 0.0113003733636 0.000468414341976 
112 W 2.88943506445 0.0760076695162 0.019096622919 0.00180917438185 0.00497210160509 0.321430508461 0.00760198551269 0.0155289037597 0.117275349606 0.00117606948858 0.0578177515469 0.0244857195793 0.00184447290222 5.24865181377e-05 0.0118241765166 0.00236946213913 0.00272505481693 0.0189264526669 0.259916327199 0.00739287527512 0.0451044730489 0.00264236254107 
113 D 3.24671182081 0.00603062244445 0.00708216162731 0.0085041132387 0.0123788844084 0.0618653839511 0.0680913237655 0.0461577906221 0.00462788779845 0.270803099181 0.0181989876753 0.11357349281 0.00903767949826 6.28549031965e-05 0.0499254535658 0.223889971661 0.00516405067802 0.0194360592128 0.00613764715742 0.0415654682455 0.0274514033451 1.56642107868e-05 
114 Q 3.41719879242 0.00701830391354 0.00355525337734 0.00575016817487 0.000209729754129 0.216978716478 0.0133453978668 0.0209577855786 0.145752258995 0.020821843097 0.162053009895 0.0660328875569 0.0493569380052 0.000686420021381 0.00747554405211 0.00802347187446 0.00781069841708 0.051071729044 0.0756322884173 0.106934934247 0.0230340421335 0.00749857910031 
115 S 3.6302241201 0.00367803622577 0.0220748873538 0.089677578687 0.0623241795525 0.0403657227214 0.104226355089 0.0893958981486 0.0944111863429 0.249008520673 0.0186802734848 0.0179997178865 0.0323495421581 0.00291952586799 0.0210679543709 0.0636958070125 0.03266429349 0.0164541583154 0.00359119383162 0.0105136427406 0.0246693867845 0.000232139262595 
116 L 3.59049789076 0.0395220811235 0.00136273579085 0.00267805580986 0.0898055256412 0.0319594707068 0.00369794534487 0.0216960766299 0.073471640669 0.000803881736387 0.0106769617566 0.0245734377694 0.0218124997829 0.0520751309658 0.12607861636 0.000744407731626 0.145643361488 0.0935572179735 0.0354285882176 0.0412784536949 0.182870548432 0.000263362375043 
117 K 2.27472774966 0.00420254830858 0.0101233086847 0.603396560354 0.143540955801 0.0166713206567 0.015406563829 0.00292498108664 0.00223713468805 0.014885592547 0.0023024683129 0.0166951065831 0.0402217337889 0.00374313493535 0.0334326020262 0.00700697786664 0.0120561272751 0.000636962157535 0.00209686993415 0.0418856485535 0.0175925423797 0.00894086023161 
118 P 2.24047646575 0.0186132519568 0.000518493224514 9.98021666311e-05 0.0290595423586 0.00724969689876 0.0146335549444 0.00799271778929 0.00243219563304 0.00825116074079 0.00236537155551 0.019653894433 0.00162698993228 0.0139398146925 0.0809992161185 0.00102907078718 0.201697781058 0.546413983598 0.0378641523734 0.000877217528513 0.00464848888558 3.3603324809e-05 
119 C 2.44613829697 0.0158864649096 0.592510947802 0.0109521190879 0.00119503500188 0.0207602103543 0.00597871657236 0.0090201759591 0.0255051029964 0.0146416869897 0.123263680706 0.0208204127582 0.00464857143665 0.0197512038005 0.0136240620658 0.0371767627674 0.0200672074676 0.00290295675119 0.0202590290438 0.00892974513709 0.0311746792281 0.000931229165128 
120 V 3.61232190046 0.0766538999633 0.0201639648123 0.116011920113 0.0123081661736 0.123836366559 0.0809244939663 0.0258261317496 0.169394729145 0.0084327949286 0.0348975784132 0.0149011888742 0.00840009484498 0.000190549033682 0.0072018566774 0.00459487182294 0.0137766491202 0.0192423780786 0.15147964167 0.0509815130443 0.0604712329387 0.000309978072525 
121 K 3.34816688769 0.0658444015972 0.00202002108305 0.00358860933204 0.156233230963 0.00043107948001 0.00127847205593 0.101414037342 0.0361353961555 0.0188802476106 0.0561170056267 0.00767524639912 0.00963731545077 3.87573861346e-05 0.0112283427997 0.166932734991 0.142065449609 0.0837510294829 0.129734623251 0.00653246888563 0.000190320102752 0.000271210395094 
122 L 2.16556602337 0.00228207020667 0.00161874946073 0.0036832267595 0.00332408835425 0.0432242278376 0.00124642857342 0.00365229625465 0.542509019669 0.00345851680269 0.239789559504 0.0399905420618 0.00182933589298 0.00173176155542 0.0405111289106 0.00639027488387 0.0126852432708 0.0100939955612 0.0320271738064 0.00698021942137 0.00246671099511 0.000505430218496 
123 T 3.74679245121 0.208980013906 0.00173039751741 0.0070474356889 0.0196101831205 0.0202006506503 0.0269078176547 0.073328272703 0.0577467305657 0.0296885772121 0.0528898576591 0.0667067983455 0.0537513473061 0.0110821911498 0.137243157008 0.0570186248456 0.0381221359612 0.0248949759299 0.00533869371536 0.0921080282643 0.015133578361 0.000470532436149 
124 P 3.06661950781 0.0236659778844 0.0252108366095 0.0105396103811 0.0140304255956 0.0148611006112 0.0909006625861 0.0130359920705 0.00527191353219 0.314985958319 0.00888748802543 0.0241935836368 0.0420529469383 0.0282997677544 0.0127235394784 0.291448189297 0.00668743668399 0.0127741900713 0.00548356356674 0.0327512000116 0.0166200160251 0.00557560092159 
125 L 2.99860679209 0.018380751409 0.0144039048305 0.0118114367953 0.0132444652564 0.0444350675774 0.0090287414096 0.0814293986799 0.148832843098 0.00862066024764 0.399182946932 0.122648871015 0.004565130428 0.0369164394068 0.00294106706721 0.00418541235571 0.00675322800556 0.00550365436818 0.0386690230227 0.0134815137228 0.0133383342853 0.0016271100872 
126 C 1.8170929864 0.00899552474524 0.749280898969 0.0055714226867 0.00862282030508 0.0181143561907 0.0172309236543 0.00805611351274 0.00594627488419 0.00854756734117 0.00388599059153 0.0176859951571 0.0195905882526 0.00463627575631 0.00823512517034 0.0294938431953 0.023412916959 0.00208596261091 0.00541726059979 0.0235725774858 0.026872144384 0.00474541754836 
127 V 3.57512542673 0.0756112666942 0.00145549724274 0.0739852302224 0.0254765668995 0.0867513258222 0.056796658492 0.00210828301049 0.0833593768957 0.00935208588476 0.00630033316888 0.0398394090899 0.0243418211197 0.001154530771 0.153124113839 0.0177784370583 0.0168617955842 0.0693679348689 0.221027011402 0.0241656317854 0.0102124407614 0.000930249386733 
128 S 1.05139622015 0.00181403541678 0.0029754862308 0.00199124880817 0.000820459043251 0.000531256794226 0.00374627199504 0.00888753048179 0.00532573848375 0.837223522956 0.000226767330975 0.00135614769711 0.0222033958555 0.00620027200556 0.0024393265427 0.08966046942 0.00327128854238 0.000612660223045 0.000802692917479 0.00734925353372 0.00255241259829 9.76312297631e-06 
129 L 1.276248232 0.00136835941487 0.00158168198207 0.00107127965603 0.00135621504581 0.0273889345619 0.00264936630133 0.0131160831259 0.00721627993977 0.000649905691046 0.814506663075 0.0611247357292 0.00205800373344 0.00169368205482 0.00191314474842 0.00095518475474 0.0113682313574 0.00104389629147 0.0249451786807 0.00531717099032 0.017166210584 0.00150979228192 
130 K 3.55929492553 0.0163885341617 0.0697618693083 0.0142734777081 0.0816805382266 0.0772029509506 0.012810385138 0.00895860609854 0.0256046101688 0.242749254332 0.0202685822938 0.0276069121672 0.0407344341831 0.000591085158362 0.00635973511494 0.177930370251 0.0251415004524 0.0354833355916 0.0213054494686 0.0120814452327 0.0808876821082 0.00217924188512 
131 C 1.34017951686 0.00106099315647 0.819943039071 0.00798931381164 0.00326257044007 0.0138891927929 0.0073783489053 0.00442200763575 0.00433865371244 0.00181666339241 0.000684891365328 0.00844930827398 0.0200430660315 0.00189664987142 0.0105557340869 0.00524043520247 0.00501757353238 0.00376106088001 0.00216590691129 0.00911501183434 0.0360778154466 0.0328917636456 
132 T 3.90567694029 0.170879744558 0.0525221257651 0.0184708312276 0.0299296105908 0.0293055426876 0.16265034966 0.0388315474432 0.0479319557694 0.0499732270269 0.0215296389261 0.0155476694234 0.0316852511875 0.000156895332456 0.0330925977841 0.0338690646681 0.0517398924869 0.0827019122703 0.0458434949572 0.0426439468609 0.0406461969984 4.85043759854e-05 
133 D 2.60970167737 0.00553003149866 0.00756597425323 0.165845609498 0.0240035285532 0.00548754550289 0.0322650840604 0.0196567878644 0.00240928410593 0.0142182503893 0.00276862184434 0.00940750220602 0.509845899756 0.0680269121383 0.0438652226255 0.00150269743262 0.0386834039374 0.00258616883101 0.00223602175896 0.0151200847591 0.0258812726622 0.00309409632288 
134 L 3.64899860076 0.126785374501 0.0496835368708 0.0108418342435 0.00830674765544 0.0317602139305 0.0129430999819 0.0179402676971 0.038993246259 0.00756179909281 0.0978817894741 0.228497637734 0.00449229181544 0.10626796164 0.0241127179097 0.00309618038341 0.0645600175289 0.0265023379521 0.025196828894 0.0378458693815 0.0755155348708 0.00121471218376 
135 G 4.04161590709 0.0476565039224 0.0292952745489 0.00792945489536 0.086049594718 0.0716855157057 0.045824359138 0.01971420953 0.0300726702818 0.0471814208235 0.0640678939003 0.0279808636287 0.0618647801655 0.0225813854623 0.129137830799 0.0518857405425 0.124611812438 0.00916573879687 0.0562378037437 0.0214003594889 0.043979910277 0.00167687719434 
136 N 3.89481168328 0.0113319319464 0.0567973524317 0.130681696947 0.0275078918543 0.0158713999364 0.011062739611 0.107073213887 0.0743361015734 0.0246081758437 0.145166791115 0.0104722560104 0.0183991976526 0.0199263843343 0.060377806999 0.0162931799193 0.0873637247009 0.0373132026484 0.0518871987194 0.0706226874704 0.0221990102165 0.000708056182758 
137 A 3.71329002708 0.0432142421777 0.00772068931163 0.202295819107 0.00352284550359 0.0424212132103 0.03088564925 0.0342201765248 0.0220242100157 0.103331283013 0.0218948997518 0.0513808461426 0.00185996669666 0.0131893002583 0.0229991512785 0.0404056863627 0.104795723246 0.109196263468 0.106997008663 0.00694154154812 0.0304122390222 0.000291245447103 
138 T 3.93270508769 0.112463501183 0.0115695543679 0.0321447514117 0.0445248302319 0.0112337416825 0.0394228075099 0.0152534746491 0.137339199567 0.0294212529786 0.0454823830552 0.0655757254401 0.0262780069395 0.0172778603222 0.0307635859317 0.0469831259374 0.0233195450676 0.0200555773383 0.122241375539 0.120028632231 0.0484273810154 0.000193687601664 
139 N 3.37824450913 0.00626426700925 0.00611700880685 0.0910931223323 0.012016412718 0.0204128913535 0.0501267753073 0.0530122005733 0.0484283084023 0.112770487506 0.00338138611029 0.0157401962285 0.0259558833615 0.0330556636837 0.0149725239696 0.0417310631392 0.357392016876 0.0474621057834 0.00735880864021 0.0276011184261 0.0247890533572 0.000318706416195 
140 T 3.53048689445 0.038237063897 0.0231566611912 0.0070324218567 0.185618802119 0.0132103611026 0.0404570566987 0.0409915024639 0.148364865926 0.00408945013629 0.00657173312126 0.0261360359419 0.0207906083338 0.00604311193045 0.0500490565884 0.218015427174 0.00332643644135 0.0250025933545 0.0653903661785 0.028311414971 0.048440337328 0.00076469324538 
